# encoderPan,  encoderTil,  fi,  theta,   points
-1.000000000000000000e+00 -1.000000000000000000e+00 -3.141592653589793116e+00 0.000000000000000000e+00
-8.461538461538461453e-01 -1.000000000000000000e+00 -2.658270706883671064e+00 0.000000000000000000e+00
-6.923076923076922906e-01 -1.000000000000000000e+00 -2.174948760177549012e+00 0.000000000000000000e+00
-5.384615384615385469e-01 -1.000000000000000000e+00 -1.691626813471427182e+00 0.000000000000000000e+00
-3.846153846153846367e-01 -1.000000000000000000e+00 -1.208304866765305130e+00 0.000000000000000000e+00
-2.307692307692308653e-01 -1.000000000000000000e+00 -7.249829200591833001e-01 0.000000000000000000e+00
-7.692307692307699674e-02 -1.000000000000000000e+00 -2.416609733530612480e-01 0.000000000000000000e+00
7.692307692307685796e-02 -1.000000000000000000e+00 2.416609733530608040e-01 0.000000000000000000e+00
2.307692307692307265e-01 -1.000000000000000000e+00 7.249829200591828560e-01 0.000000000000000000e+00
3.846153846153845812e-01 -1.000000000000000000e+00 1.208304866765304908e+00 0.000000000000000000e+00
5.384615384615383249e-01 -1.000000000000000000e+00 1.691626813471426516e+00 0.000000000000000000e+00
6.923076923076922906e-01 -1.000000000000000000e+00 2.174948760177549012e+00 0.000000000000000000e+00
8.461538461538460343e-01 -1.000000000000000000e+00 2.658270706883670620e+00 0.000000000000000000e+00
1.000000000000000000e+00 -1.000000000000000000e+00 3.141592653589793116e+00 0.000000000000000000e+00
-1.000000000000000000e+00 -6.666666666666667407e-01 -3.141592653589793116e+00 2.617993877991494078e-01
-8.333333333333333703e-01 -6.666666666666667407e-01 -2.617993877991494411e+00 2.617993877991494078e-01
-6.666666666666667407e-01 -6.666666666666667407e-01 -2.094395102393195707e+00 2.617993877991494078e-01
-5.000000000000000000e-01 -6.666666666666667407e-01 -1.570796326794896558e+00 2.617993877991494078e-01
-3.333333333333333703e-01 -6.666666666666667407e-01 -1.047197551196597853e+00 2.617993877991494078e-01
-1.666666666666667684e-01 -6.666666666666667407e-01 -5.235987755982991487e-01 2.617993877991494078e-01
0.000000000000000000e+00 -6.666666666666667407e-01 0.000000000000000000e+00 2.617993877991494078e-01
1.666666666666666297e-01 -6.666666666666667407e-01 5.235987755982987046e-01 2.617993877991494078e-01
3.333333333333332593e-01 -6.666666666666667407e-01 1.047197551196597409e+00 2.617993877991494078e-01
5.000000000000000000e-01 -6.666666666666667407e-01 1.570796326794896558e+00 2.617993877991494078e-01
6.666666666666665186e-01 -6.666666666666667407e-01 2.094395102393194819e+00 2.617993877991494078e-01
8.333333333333332593e-01 -6.666666666666667407e-01 2.617993877991493967e+00 2.617993877991494078e-01
1.000000000000000000e+00 -6.666666666666667407e-01 3.141592653589793116e+00 2.617993877991494078e-01
-1.000000000000000000e+00 -3.333333333333333703e-01 -3.141592653589793116e+00 5.235987755982988157e-01
-8.181818181818181213e-01 -3.333333333333333703e-01 -2.570393989300739701e+00 5.235987755982988157e-01
-6.363636363636363535e-01 -3.333333333333333703e-01 -1.999195325011686508e+00 5.235987755982988157e-01
-4.545454545454545858e-01 -3.333333333333333703e-01 -1.427996660722633315e+00 5.235987755982988157e-01
-2.727272727272727071e-01 -3.333333333333333703e-01 -8.567979964335799004e-01 5.235987755982988157e-01
-9.090909090909085610e-02 -3.333333333333333703e-01 -2.855993321445264854e-01 5.235987755982988157e-01
9.090909090909085610e-02 -3.333333333333333703e-01 2.855993321445264854e-01 5.235987755982988157e-01
2.727272727272727071e-01 -3.333333333333333703e-01 8.567979964335799004e-01 5.235987755982988157e-01
4.545454545454545858e-01 -3.333333333333333703e-01 1.427996660722633315e+00 5.235987755982988157e-01
6.363636363636362425e-01 -3.333333333333333703e-01 1.999195325011686286e+00 5.235987755982988157e-01
8.181818181818182323e-01 -3.333333333333333703e-01 2.570393989300740145e+00 5.235987755982988157e-01
1.000000000000000000e+00 -3.333333333333333703e-01 3.141592653589793116e+00 5.235987755982988157e-01
-1.000000000000000000e+00 0.000000000000000000e+00 -3.141592653589793116e+00 7.853981633974482790e-01
-7.777777777777777901e-01 0.000000000000000000e+00 -2.443460952792061214e+00 7.853981633974482790e-01
-5.555555555555555802e-01 0.000000000000000000e+00 -1.745329251994329534e+00 7.853981633974482790e-01
-3.333333333333333703e-01 0.000000000000000000e+00 -1.047197551196597853e+00 7.853981633974482790e-01
-1.111111111111111327e-01 0.000000000000000000e+00 -3.490658503988659511e-01 7.853981633974482790e-01
1.111111111111111327e-01 0.000000000000000000e+00 3.490658503988659511e-01 7.853981633974482790e-01
3.333333333333332593e-01 0.000000000000000000e+00 1.047197551196597409e+00 7.853981633974482790e-01
5.555555555555554692e-01 0.000000000000000000e+00 1.745329251994329312e+00 7.853981633974482790e-01
7.777777777777777901e-01 0.000000000000000000e+00 2.443460952792061214e+00 7.853981633974482790e-01
1.000000000000000000e+00 0.000000000000000000e+00 3.141592653589793116e+00 7.853981633974482790e-01
-1.000000000000000000e+00 3.333333333333332593e-01 -3.141592653589793116e+00 1.047197551196597631e+00
-6.666666666666667407e-01 3.333333333333332593e-01 -2.094395102393195707e+00 1.047197551196597631e+00
-3.333333333333333703e-01 3.333333333333332593e-01 -1.047197551196597853e+00 1.047197551196597631e+00
0.000000000000000000e+00 3.333333333333332593e-01 0.000000000000000000e+00 1.047197551196597631e+00
3.333333333333332593e-01 3.333333333333332593e-01 1.047197551196597409e+00 1.047197551196597631e+00
6.666666666666665186e-01 3.333333333333332593e-01 2.094395102393194819e+00 1.047197551196597631e+00
1.000000000000000000e+00 3.333333333333332593e-01 3.141592653589793116e+00 1.047197551196597631e+00
-1.000000000000000000e+00 6.666666666666665186e-01 -3.141592653589793116e+00 1.308996938995746984e+00
-3.333333333333333703e-01 6.666666666666665186e-01 -1.047197551196597853e+00 1.308996938995746984e+00
3.333333333333332593e-01 6.666666666666665186e-01 1.047197551196597409e+00 1.308996938995746984e+00
1.000000000000000000e+00 6.666666666666665186e-01 3.141592653589793116e+00 1.308996938995746984e+00
-1.000000000000000000e+00 1.000000000000000000e+00 -3.141592653589793116e+00 1.570796326794896558e+00
