7.514437908919183728e-01 4.853831987730106157e-01 2.926848310741570369e+00
1.270473475898637461e-01 4.021461749123266816e-01 2.989595315050134428e+00
8.097011866571646177e-02 4.323838954644550481e-01 2.985039128982613477e+00
-4.197676366816228445e-03 3.638568970968769078e-01 2.990349315722748536e+00
-8.009191656742574439e-02 3.864508428233755510e-01 2.984382327350583175e+00
-9.327119405035270983e-02 3.391768324386154609e-01 2.985653188623843324e+00
-2.177858577321366007e-01 3.040696509085437649e-01 2.983777767921650614e+00
-2.959182702612778715e-01 3.229770049869069015e-01 2.972557177945720497e+00
-3.260411214965565629e-01 3.198186020147741337e-01 2.965181278279115151e+00
-4.462010944597450401e-01 3.505024787016089993e-01 2.944886984707292932e+00
-5.065108826355997351e-01 3.271704465506707349e-01 2.932554972625140532e+00
6.778721869249564325e-01 4.572205410032418316e-01 2.941037945237721551e+00
-8.496115438878626414e-01 -4.830157709414871492e-02 2.931633373383435881e+00
-5.800627036668071224e-01 3.846692075575269265e-01 2.894365050948587204e+00
6.049152714634780104e-01 4.740931762875942312e-01 2.952891030571617392e+00
5.361785162718374353e-01 4.566257710286701355e-01 2.961850237161798738e+00
4.660643032204485614e-01 4.419154440645411963e-01 2.970139014685345025e+00
3.577088187604596237e-01 4.421657718300722184e-01 2.980428121528199359e+00
2.965691830225132275e-01 4.276322691079985638e-01 2.987199500325574686e+00
2.494581173804311935e-01 4.334115082532566388e-01 2.986157118480869066e+00
1.711909655776810424e-01 4.009160640007171650e-01 2.991633581918875961e+00
