4.120412475231906768e+01 9.586804279653083682e+00 6.584711686535662523e+01
9.226402636360724330e+00 1.036442967490426170e+01 7.588583110802467502e+01
5.505106490933954433e+00 1.038614508355880339e+01 7.613154575310838368e+01
1.748176662764309386e+00 1.046794000526614887e+01 7.664141227204376605e+01
-1.979526141273351580e+00 1.044205488284316630e+01 7.626634442806025049e+01
-5.753869011711927328e+00 1.047024867942841198e+01 7.620169331149314473e+01
-9.514332729936404220e+00 1.051884416947379108e+01 7.613656386711150503e+01
-1.323715390604066933e+01 1.050586103419119688e+01 7.557127852188607164e+01
-1.695311372016146123e+01 1.048222501785014593e+01 7.488524119778324462e+01
-2.056715529643995666e+01 1.044965018167114934e+01 7.401180400932912562e+01
-2.421421486400451784e+01 1.040751902224900149e+01 7.312144538980408015e+01
3.800978521300733348e+01 9.738218159781199645e+00 6.777887508837433472e+01
-2.807182401069877287e+01 1.041058223769741531e+01 7.255536099115887794e+01
-3.113772802699419628e+01 1.022832540703253734e+01 7.027288837172307012e+01
3.451215981931338206e+01 9.821023163436548131e+00 6.913737939763676366e+01
3.102269152160866739e+01 9.920933227464628246e+00 7.054337643090346432e+01
2.750046781458955181e+01 1.002143801820823299e+01 7.182229752070598749e+01
2.397415166612348969e+01 1.012214037375476394e+01 7.307547108001470804e+01
2.029326458202342565e+01 1.018771382700084693e+01 7.388430632103427342e+01
1.661519206436042850e+01 1.024196836154214729e+01 7.469027939203294864e+01
1.294112910269192973e+01 1.032602687965271038e+01 7.549402379181384504e+01
