876 875
845 894
813 920
784 943
754 965
726 985
700 1006
674 1026

906 917
876 939
847 960
817 983
788 1003
759 1025
733 1045
708 1062

935 958
904 979
877 1000
848 1020
819 1040
793 1059
765 1078
740 1096

961 995
934 1016
905 1035
877 1055
849 1074
823 1092
798 1110
772 1127

987 1029
959 1049
932 1068
905 1086
879 1104
852 1122
828 1139
803 1155

1009 1061
983 1080
956 1097
930 1115
905 1132
880 1149
855 1166
832 1180

1029 1090
1005 1107
980 1124
954 1141
930 1157
906 1173
882 1189
859 1203

1048 1115
1023 1131
1000 1149
976 1165
953 1180
930 1195
907 1211
883 1223

1065 1138
1041 1155
1020 1170
996 1186
974 1201
951 1215
930 1224
907 1242

1080 1158
1057 1174
1037 1189
1014 1204
993 1218
971 1232
949 1246
929 1256

1093 1177
1073 1192
1052 1206
1032 1221
1011 1235
989 1248
969 1261
949 1272

1106 1195
1084 1209
1066 1222
1047 1237
1026 1249
1007 1261
987 1274
967 1285

1116 1210
1098 1222
1079 1237
1059 1250
1041 1262
1020 1274
1003 1286
984 1296
