# le pondria un sigma de 3 pixeles a las coord en la imagen
# para lat lon le pondría un error de 0.000002 y 0.000001 masomenos
# estos errores serian el error minimo de definicion de la imagen y de gmaps
# para abrir mas el paraguas hay que aumentarlos
#952 167 -34.629157 -58.370472
#        -34.629154 -58.370471
#        -34.629155 -58.370472
#        -34.629157 -58.370472
#        -34.629155 -58.370472

952 167 -34.629155 -58.370472
656 178 -34.629282 -58.370610
711 173 -34.629260 -58.370585
615 309 -34.629337 -58.370527
999 87  -34.629054 -58.370519
879 47  -34.629082 -58.370628
1081 93 -34.628996 -58.370476
736 182 -34.629252 -58.370555
656 189 -34.629285 -58.370594
640 203 -34.629295 -58.370591
720 194 -34.629264 -58.370554
704 207 -34.629275 -58.370550
626 216 -34.629307 -58.370588
609 230 -34.629318 -58.370587
688 221 -34.629286 -58.370548
671 235 -34.629296 -58.370546
594 245 -34.629329 -58.370583
655 250 -34.629308 -58.370544
578 261 -34.629339 -58.370579
638 267 -34.629320 -58.370541
562 276 -34.629350 -58.370578
622 283 -34.629330 -58.370539
605 300 -34.629341 -58.370536
672 513 -34.629370 -58.370417
630 494 -34.629377 -58.370436
1037 176 -34.629119 -58.370437
1051 178 -34.629113 -58.370428
1041 189 -34.629125 -58.370426
1056 190 -34.629119 -58.370418
1525 405 -34.628430 -58.369573
1527 400 -34.628403 -58.369560
1516 364 -34.628347 -58.369602
1517 369 -34.628355 -58.369595
1519 374 -34.628363 -58.369588
1521 380 -34.628373 -58.369583
1522 384 -34.628381 -58.369577
1523 389 -34.628388 -58.369572
1525 395 -34.628396 -58.369566
1529 411 -34.628421 -58.369548
1530 416 -34.628430 -58.369544
1532 422 -34.628439 -58.369538
1052 507 -34.629265 -58.370301
1174 494 -34.629218 -58.370249
1038 166 -34.629110 -58.370441
927 69 -34.629079 -58.370574
908 28 -34.629040 -58.370637
863 41 -34.629083 -58.370642
899 24 -34.629041 -58.370645
874 43 -34.629080 -58.370632
854 37 -34.629085 -58.370655
889 21 -34.629043 -58.370657
777 104 -34.629190 -58.370609
788 99 -34.629181 -58.370609
798 93 -34.629171 -58.370611
879 53 -34.629090 -58.370615
871 57 -34.629099 -58.370614
863 60 -34.629108 -58.370614
847 62 -34.629117 -58.370622
847 69 -34.629125 -58.370613
837 73 -34.629136 -58.370613
828 78 -34.629145 -58.370612
364 522 -34.629524 -58.370559
449 512 -34.629459 -58.370506





