3.091921280967282505e-03 -1.939636490267215574e-01 3.010062343047659184e+00
6.081727807566385605e-03 2.177176929685982198e-01 3.013062073094267213e+00
-1.211620320106873011e-02 2.758416779692753895e-01 3.008595509607854268e+00
-6.086189916440454435e-03 3.305558331295401775e-01 3.003305779035811085e+00
2.564889031141115092e-02 4.184625937621775926e-01 2.993200187407486279e+00
-4.987821255091431233e-02 4.429082220613492771e-01 2.992691855130396927e+00
-2.860606504825109753e-02 5.380288936319207460e-01 2.975435445708065618e+00
-1.982587294190161012e-02 5.861904518783425111e-01 2.966754048411264666e+00
8.171752955388014716e-02 6.999428302770025478e-01 2.941090017252945721e+00
5.332026894911801040e-03 7.085682775407446954e-01 2.942217407169700927e+00
-1.952510453836310556e-02 7.203541326648166265e-01 2.939201386476350208e+00
1.802403528694286605e-02 -1.690332346456824564e-01 3.012448748635226714e+00
-1.686128692211655896e-04 7.691943284002011882e-01 2.924987521507402377e+00
6.569147541595303334e-03 7.649027334956953750e-01 2.926021547375292187e+00
1.511128906644866772e-02 -1.027934754863848305e-01 3.016558729274022355e+00
9.059636701950667115e-03 -3.362448743694225473e-02 3.017643606881358131e+00
1.147718665745675430e-02 1.489955512466545513e-02 3.018476010020047617e+00
1.613635852061045747e-02 6.805159328886449532e-02 3.019601121031184832e+00
1.384049858172613744e-02 1.243500671355634024e-01 3.017242227213976058e+00
-3.007456466196500866e-02 1.653904940643989852e-01 3.011331595933326000e+00
1.977836871255595277e-02 1.887043124967403007e-01 3.015548082644938788e+00
