2.818837409750759804e+00 -2.801198735530593353e+01 8.315451058796499240e+01
3.065045718527420693e+00 -2.174481452123288694e+00 8.653883932474883522e+01
3.086635800600851187e+00 9.490193151737174038e-01 8.660815123043440167e+01
3.106130233546546826e+00 4.057393057923781576e+00 8.623932394895173559e+01
3.116195935304568732e+00 6.676864541009185139e+00 8.606551588135877751e+01
3.137968480818884576e+00 9.825518910237983405e+00 8.612650243425096619e+01
3.142493719604383173e+00 1.293408094266707486e+01 8.555575362591797273e+01
3.151819516138168353e+00 1.553802089678993958e+01 8.524524893043661677e+01
3.137056641185367312e+00 1.835964494046871920e+01 8.392825730266885387e+01
3.132521703630949617e+00 2.159862264954527689e+01 8.398292937848252393e+01
3.142517365916062566e+00 2.427852018014872471e+01 8.355747954130713140e+01
2.856531087742147701e+00 -2.564293409037551896e+01 8.395703969746281814e+01
3.134883385375066833e+00 2.706610643130762028e+01 8.254983478861355195e+01
3.130245372485964239e+00 3.010823406624096066e+01 8.148273662296602993e+01
2.867500671981194404e+00 -2.288563317038852318e+01 8.477970087380626296e+01
2.903938315945382875e+00 -1.998833749609769583e+01 8.507734073905440653e+01
2.952475140775161933e+00 -1.695658190254739850e+01 8.559010515217633497e+01
2.969082554626495618e+00 -1.406459724857239380e+01 8.596216091490019551e+01
3.001929102072943500e+00 -1.120590002709336375e+01 8.600007619045700835e+01
3.041304110261314531e+00 -8.006763272762885464e+00 8.664435388411506267e+01
3.039479893324358528e+00 -4.920917195879679795e+00 8.646123512806889266e+01
