# encoderPan,  encoderTil,  fi,  theta,   points
-9.978929700209392406e-01 -1.192524178897669263e-02 -3.134973223686682520e+00 7.760321003983154942e-01 -7.004455274808196741e-01 -4.636617790970192117e-03 7.136908047660253107e-01
-9.924918645805569373e-01 1.455413355187202828e-01 -3.118005150513913470e+00 8.997060610122630253e-01 -7.830105288303248479e-01 -1.847268926954097334e-02 6.217340842289458269e-01
-9.846137336537184037e-01 3.030079128264171473e-01 -3.093255272270138967e+00 1.023380021626210334e+00 -8.531446337828071380e-01 -4.127092569803578193e-02 5.200393682593913436e-01
-9.746399076972134257e-01 4.604744901341142338e-01 -3.061921573916999595e+00 1.147053982240157977e+00 -9.091519760705295550e-01 -7.258676558661412981e-02 4.100900460493100419e-01
-9.650368173541512551e-01 8.346089448332574268e-01 -3.031752575843476460e+00 1.440898495824570968e+00 -9.856989190817020408e-01 -1.087067746535920476e-01 1.287652051820579735e-01
-9.558546896634712020e-01 4.863201374067851468e-01 -3.002906070946112838e+00 1.167353106139932040e+00 -9.122284340212245546e-01 -1.273312545851809641e-01 3.893918794337499767e-01
-9.496163261693352231e-01 3.104301590739497740e-01 -2.983307674022512401e+00 1.029209440197306202e+00 -8.489870893348662184e-01 -1.355155404679249387e-01 5.107410894322073069e-01
-9.422422084846724388e-01 6.450248699315610512e-01 -2.960141200077669232e+00 1.291999511587374361e+00 -9.467721922485701214e-01 -1.737037654454113289e-01 2.710155306526216279e-01
-9.388288091102700017e-01 -2.458609145992619593e-01 -2.949417689679278531e+00 5.922994526199710785e-01 -5.550054323689165292e-01 -1.079908447064427124e-01 8.248072183853516481e-01
-9.378723565471379642e-01 1.338827022047905935e-01 -2.946412905333435805e+00 8.905493918197783243e-01 -7.683950846398074352e-01 -1.519090749164375143e-01 6.216853117610350310e-01
-9.293648226750715891e-01 9.028794180956336568e-01 -2.919685699420785596e+00 1.494518000139115843e+00 -9.727798686678273965e-01 -2.194811142525766035e-01 7.434626823891081482e-02
-9.187669229221890888e-01 -5.469039932982822094e-02 -2.886391415413648964e+00 7.424444242083281242e-01 -6.658130560138363352e-01 -1.737037654454112734e-01 7.256169625302331117e-01
-9.182486635956342846e-01 4.015951943908133703e-01 -2.884763255720689923e+00 1.100810291501234328e+00 -8.680942433656837487e-01 -2.279870823035471117e-01 4.409470205569787638e-01
-9.130503756716086272e-01 7.828234163177829608e-01 -2.868432352567326316e+00 1.400226236837950999e+00 -9.499458803367800686e-01 -2.661401532934285497e-01 1.636222577650437437e-01
-9.088976526486891583e-01 5.639433572973189257e-01 -2.855386188426129568e+00 1.228318240478953438e+00 -9.076981137301242120e-01 -2.671229274460373837e-01 3.236193380554284182e-01
-9.072459518424934588e-01 2.095379376883688138e-01 -2.850197217307456565e+00 9.499688748199821564e-01 -7.902207675511185858e-01 -2.370133809308904438e-01 5.651334318465238704e-01
-8.927414711029749705e-01 9.660334920231685718e-01 -2.804630047172050666e+00 1.544119093812868382e+00 -9.434641302428239396e-01 -3.305172538370288460e-01 2.517498482980018437e-02
-8.913007925856818447e-01 -4.556072727159999891e-01 -2.800104022125938119e+00 4.275650481757815036e-01 -4.102253433153483786e-01 -1.457992826451138257e-01 9.002542623514618869e-01
-8.832582768444018351e-01 2.639111330441412662e-02 -2.774837713756752589e+00 8.061256953167490469e-01 -6.953888725599475240e-01 -2.671229274460373837e-01 6.671429063944728233e-01
-8.785459236676890216e-01 7.070861862298269962e-01 -2.760033419635671059e+00 1.340742355426060461e+00 -9.069091813484382314e-01 -3.638717604342498468e-01 2.123983962848719209e-01
-8.780193651687521195e-01 3.048360880250946536e-01 -2.758379187323725557e+00 1.024815867069620579e+00 -8.080063940455950444e-01 -3.257426349100726037e-01 4.909352329821904948e-01
-8.763901597074671423e-01 8.736730940804429135e-01 -2.753260887415364344e+00 1.471579406897994158e+00 -9.216387108007616513e-01 -3.770480562128381008e-01 9.174339245760661232e-02
-8.741367676806182097e-01 4.799305272290033120e-01 -2.746181647578157747e+00 1.162334718041476478e+00 -8.570088345209809777e-01 -3.577106541501794967e-01 3.709163591167701224e-01
-8.693044929807376420e-01 -3.189525906966683699e-01 -2.731000608880885139e+00 5.348933844534269344e-01 -4.976433741826314927e-01 -2.166417128346338761e-01 8.398913265370713255e-01
-8.633673460207076378e-01 -2.041624776068627911e-01 -2.712348511607971968e+00 6.250493284503455538e-01 -5.652172976848580666e-01 -2.587036312021319673e-01 7.833274140489772108e-01
-8.579952568571546090e-01 -5.995890190396004904e-01 -2.695471595757324312e+00 3.144820490504684485e-01 -3.059934103368289748e-01 -1.463505056516145042e-01 9.407175784080754610e-01
-8.523455846277214754e-01 1.104039433727299624e-01 -2.677722626986147159e+00 8.721092177542262291e-01 -7.150236794420851139e-01 -3.577106541501794967e-01 6.006531659323485206e-01
-8.411684117399104155e-01 6.400012863961237475e-01 -2.642608502753896804e+00 1.288053998304968140e+00 -8.508210615855333891e-01 -4.636840315853702488e-01 2.471854364949586103e-01
-8.393991163991606497e-01 8.004148435683706708e-01 -2.637050097509366697e+00 1.414042511492102472e+00 -8.671354378550122366e-01 -4.788456032475286728e-01 1.370511607630765516e-01
-8.389056926888334154e-01 9.670057905457527525e-01 -2.635499961205895580e+00 1.544882735286779996e+00 -8.744206277395558669e-01 -4.846389257822004137e-01 2.266445234802517278e-02
-8.378485799882475771e-01 3.910990113228915988e-01 -2.632178943711718677e+00 1.092566608597005162e+00 -7.953755886605612391e-01 -4.442882440375361397e-01 4.122931350057972288e-01
-8.298355255881568748e-01 -1.194362676745832630e-01 -2.607005190875578471e+00 6.915931381227845565e-01 -5.966429110740423258e-01 -3.532698793902959156e-01 7.205675741945776203e-01
-8.248936262833342914e-01 1.992354592788414536e-01 -2.591479756324767347e+00 9.418773271986974338e-01 -7.244689673895694515e-01 -4.442882440375360842e-01 5.270224582496781940e-01
-8.000000000000001554e-01 2.951672353008665262e-01 -2.513274122871834937e+00 1.017221967897851354e+00 -7.236067977499790471e-01 -5.257311121191334813e-01 4.472135954999579832e-01
-7.996473886768965533e-01 4.606091702959977940e-01 -2.512166361729600172e+00 1.147159759791947398e+00 -7.594793582001838628e-01 -5.530805139988752561e-01 3.424807286586745159e-01
-7.989662550329091895e-01 -4.680982832781466207e-02 -2.510026517277536673e+00 7.486338101998327721e-01 -6.092929933390427433e-01 -4.457076834523027720e-01 6.558252123695238467e-01
-7.986416854645688179e-01 6.318585377102716727e-01 -2.509006851906059765e+00 1.281658698442093014e+00 -7.842471830097507146e-01 -5.749180065383532323e-01 2.332930382571168360e-01
-7.970223856221808623e-01 8.081882788599250578e-01 -2.503919671417254467e+00 1.420147753293378168e+00 -7.975727761508776270e-01 -5.909480550381174258e-01 1.210704876906346650e-01
-7.963922137535077717e-01 -3.903798409182011042e-01 -2.501939928104132349e+00 4.787945533129051023e-01 -4.358180592486328719e-01 -3.242504565587153165e-01 8.395976778518504657e-01
-7.947854382289203379e-01 9.884013778007365580e-01 -2.496892093920120459e+00 1.561686790221654242e+00 -7.992585673542947911e-01 -6.009431990088209830e-01 7.281076555357656604e-03
-7.937670496562457823e-01 -2.902799280919037272e-01 -2.493692731861706147e+00 5.574128410029237646e-01 -4.910907003977770247e-01 -3.717045573772488343e-01 7.878233596484711665e-01
-7.908543509807264282e-01 -5.434667075952455129e-01 -2.484542219100573934e+00 3.585604093844844131e-01 -3.387348736865712362e-01 -2.612965215319151269e-01 9.038710157892353436e-01
-7.838091109347290475e-01 -7.464891821400614358e-01 -2.462408944729292060e+00 1.991069307485808237e-01 -1.953195127755920912e-01 -1.576838205659033265e-01 9.679804236971143450e-01
-7.746109282818389730e-01 1.297253003057354803e-01 -2.433512001680595560e+00 8.872841760037554204e-01 -6.459735705944874562e-01 -5.530805139988753671e-01 5.261369509245180653e-01
-7.641355409359450457e-01 -2.098948789713633856e-01 -2.400602601751227638e+00 6.205471109468098101e-01 -5.133547813318547481e-01 -4.696717118723499618e-01 7.182446321070695694e-01
-7.620711021164887633e-01 2.951672353008665262e-01 -2.394116975922238044e+00 1.017221967897851354e+00 -6.679897751693668617e-01 -6.191546467754583949e-01 4.128403851920692258e-01
-7.588243041706576042e-01 9.655794968332280792e-01 -2.383916859347924522e+00 1.543762526824497883e+00 -7.262951393899531594e-01 -6.871023710577860433e-01 1.963930205727654546e-02
-7.572657431620843926e-01 7.555281861572669122e-01 -2.379020495533219481e+00 1.378788613200371049e+00 -7.160224227786305962e-01 -6.840586140312384655e-01 1.391966330335665525e-01
-7.528971496937991725e-01 5.449757461568836003e-01 -2.365296154386734351e+00 1.213421113525218642e+00 -6.894616352484514987e-01 -6.770239984364787578e-01 2.574512751213596795e-01
-7.456426952915387041e-01 -4.152406710853828731e-02 -2.342505613730790692e+00 7.527852373536099151e-01 -5.593896393626530683e-01 -5.749180065383532323e-01 5.971201865049337032e-01
-7.267016771092924543e-01 -4.619560390732294630e-01 -2.283000650157934963e+00 4.225787387389740024e-01 -3.704442405207491462e-01 -4.290683654741383468e-01 8.238151506341434560e-01
-7.255123082226060394e-01 2.951672353008665262e-01 -2.279264137601112683e+00 1.017221967897851354e+00 -6.036870634924323964e-01 -7.045274822080245247e-01 3.730991238069389926e-01
-7.247756152471307445e-01 -3.803051210573895613e-01 -2.276949748361408510e+00 4.867072197883303142e-01 -4.100970370144350619e-01 -4.808478992634894755e-01 7.749875599039445229e-01
-7.238690482931996462e-01 -7.030770836979800542e-01 -2.274101684278951208e+00 2.332027131342207793e-01 -2.229628777509672921e-01 -2.629420244982159094e-01 9.386953962270118135e-01
-7.216560864323450231e-01 8.253431977368468342e-01 -2.267149459554215873e+00 1.433621195072544818e+00 -6.389244523152471933e-01 -7.641966876059921310e-01 8.819845171935318529e-02
-7.177463164890068859e-01 5.736011979224957535e-01 -2.254866555022998487e+00 1.235903490768352597e+00 -6.172034523808828110e-01 -7.569189332807947368e-01 2.147873990954379808e-01
-7.175655264574711811e-01 4.803246070823208314e-02 -2.254298586388083780e+00 8.231227698211538435e-01 -5.449543216126394585e-01 -6.690904325503098660e-01 5.053145361310590333e-01
-7.122035467682626964e-01 -2.178538082581915614e-01 -2.237453430387768893e+00 6.142961825023247613e-01 -4.649741251134414388e-01 -5.909480550381174258e-01 6.592264096815719787e-01
-7.038863033027403793e-01 9.828678223085873800e-01 -2.211324039418366194e+00 1.557340745901062418e+00 -5.975993110631389049e-01 -8.017545741640379475e-01 8.041531191497657341e-03
-6.934779894167375502e-01 -6.440829619523131822e-01 -2.178625356977843097e+00 2.795365880045129758e-01 -2.564759980203251688e-01 -3.686629867772512337e-01 8.934806459123524336e-01
-6.902633318074256064e-01 2.951672353008665262e-01 -2.168526212248622187e+00 1.017221967897851354e+00 -5.315347733640349848e-01 -7.807395386919577795e-01 3.285065561414459712e-01
-6.857337013771435119e-01 -1.490149548159073190e-01 -2.154295958565370928e+00 6.683620915662809026e-01 -4.518284182728314891e-01 -6.843999938060015831e-01 5.722304858353984836e-01
-6.845722971906360588e-01 6.359911813569811834e-01 -2.150647299705190640e+00 1.284904469172194696e+00 -5.409289581438136985e-01 -8.259018822729332632e-01 1.590029656939584979e-01
-6.779683086172035855e-01 3.576904008209202956e-02 -2.129900257718504442e+00 8.134911017844130843e-01 -4.741563778828580267e-01 -7.577991022709938962e-01 4.482368234653240080e-01
-6.733362602955399456e-01 -3.980669071990032837e-01 -2.115348248740092973e+00 4.727571455740485762e-01 -3.639516904915233719e-01 -6.009431990088209830e-01 7.116223988558869618e-01
-6.691294495010000620e-01 8.330217465010236744e-01 -2.102132162852924147e+00 1.439651913169486930e+00 -5.055576570608995013e-01 -8.602120242482426127e-01 6.668379657634043722e-02
-6.562053026565982661e-01 2.951672353008665262e-01 -2.061529758072635943e+00 1.017221967897851354e+00 -4.524710813595332892e-01 -8.467998516157967392e-01 2.796425072066105466e-01
-6.491990286540625377e-01 -3.444439007513637740e-01 -2.039518899137232388e+00 5.148725563538741890e-01 -3.530202993854277271e-01 -6.971727057125060023e-01 6.239606450981716179e-01
-6.431961296414848706e-01 -1.994852132491418129e-01 -2.020660235699077045e+00 6.287228432866239780e-01 -3.732034433391753225e-01 -7.728583825383856798e-01 5.132339723945922305e-01
-6.401012984953993179e-01 -4.079996106007843792e-04 -2.010937536906433731e+00 7.850777212526155457e-01 -3.919334747357722248e-01 -8.322134832288394790e-01 3.921847392666698573e-01
-6.345893907416674251e-01 6.153635259145358027e-01 -1.993621368000045191e+00 1.268703546472502719e+00 -4.070240475239965683e-01 -9.045677032975516507e-01 1.268412192001329153e-01
-6.050417219649597556e-01 -2.067480283846435674e-01 -1.900794628840435818e+00 6.230186416181057174e-01 -2.953883510221455566e-01 -8.623899025095275173e-01 4.111318257323622882e-01
-6.030549384613639319e-01 -3.875252860017411871e-01 -1.894552964381265747e+00 4.810365155016098626e-01 -2.716459599280198756e-01 -8.095210285425488150e-01 5.204653463989687978e-01
-6.014898879430715661e-01 -5.212623279466012116e-01 -1.889636213170501344e+00 3.759996883799093248e-01 -2.454894245022155030e-01 -7.436766193421375792e-01 6.218360139951852883e-01
-6.004180429801920793e-01 -6.236465661193308918e-01 -1.886268912909332185e+00 2.955872957582005300e-01 -2.173267023208853010e-01 -6.658858913118876899e-01 7.136981744477857159e-01
-6.000000000000000888e-01 -9.549334827919038204e-01 -1.884955592153876092e+00 3.539515984595820175e-02 -3.517973552284681810e-02 -1.082720928608450622e-01 9.934986361923578979e-01
-6.000000000000000888e-01 -9.087859182615051212e-01 -1.884955592153876092e+00 7.163937227339860214e-02 -6.990203852711233956e-02 -2.151363531898837778e-01 9.740790802321501740e-01
-6.000000000000000888e-01 -8.603761367129001414e-01 -1.884955592153876092e+00 1.096603257921446861e-01 -1.037154243646566942e-01 -3.192032541182489025e-01 9.419938393159372758e-01
-6.000000000000000888e-01 -8.083038897071416207e-01 -1.884955592153876092e+00 1.505577729544456678e-01 -1.361802267896838059e-01 -4.191196420794019994e-01 8.976601090918233661e-01
-6.000000000000000888e-01 -7.048327646991332518e-01 -1.884955592153876092e+00 2.318238045004031855e-01 -1.875924740850800354e-01 -5.773502691896258421e-01 7.946544722917662229e-01
-6.000000000000000888e-01 2.951672353008669702e-01 -1.884955592153876092e+00 1.017221967897851576e+00 -3.035309991033433019e-01 -9.341723589627156654e-01 1.875924740850799244e-01
-5.656564015271540180e-01 2.951672353008671923e-01 -1.777061995493745217e+00 1.017221967897851798e+00 -2.031849390932474742e-01 -9.710544526864042236e-01 1.255751983617040546e-01
-5.623583696574098179e-01 -4.592414519759779878e-01 -1.766700922800451767e+00 4.247107704595377564e-01 -1.787948480769862847e-01 -9.009572959812954807e-01 3.953585121370220556e-01
-5.602539812674921516e-01 -6.144523098067016242e-01 -1.760089791694386951e+00 3.028084477799448671e-01 -1.611871226904912358e-01 -8.413248086080697963e-01 5.159372809744952049e-01
-5.559505033071399094e-01 -7.293781818188473931e-01 -1.746570016949258619e+00 2.125458789747554644e-01 -1.358643231723144773e-01 -7.649733780193391786e-01 6.295685956356226187e-01
-5.493243187624426982e-01 -4.367002930038982322e-01 -1.725753244262307806e+00 4.424145553170590883e-01 -1.467461492495644448e-01 -9.394206355470697822e-01 3.097651322998833945e-01
-5.397912467162117034e-01 -8.924568688096002900e-01 -1.695804215155726213e+00 8.446417772295078397e-02 -7.004318655045689568e-02 -5.573884375171654915e-01 8.272920172103868097e-01
-5.318603141534486989e-01 2.951672353008680805e-01 -1.670888455680433760e+00 1.017221967897852464e+00 -9.973507409109416688e-02 -9.931029486480831281e-01 6.163966565878507831e-02
-5.242521934861635868e-01 -8.098824929357411051e-01 -1.646986839684466464e+00 1.493179408779702899e-01 -6.791801413041256841e-02 -8.896979354017169328e-01 4.514695195674936490e-01
-5.171225723044967637e-01 -9.032331429589224303e-01 -1.624588474157263818e+00 7.600051179780578647e-02 -4.392111789050336806e-02 -8.157091426327891526e-01 5.767924496979208726e-01
-5.148757553570562084e-01 -6.586226709539730884e-01 -1.617529890541223425e+00 2.681171272582759113e-01 -4.605545315067636342e-02 -9.847723094451696912e-01 1.676376860527279966e-01
-5.127141990744514821e-01 -8.624956519456223880e-01 -1.610739161203471603e+00 1.079956624210716976e-01 -3.747135927731391064e-02 -9.376257360837927379e-01 3.456210009059580424e-01
-5.037567442696633258e-01 -9.867242074116978623e-01 -1.582598486993886278e+00 1.042678311649794867e-02 -7.814167689109524986e-03 -6.620656506625718363e-01 7.494051060648520002e-01
-4.958194030469888491e-01 -9.923482182559705267e-01 -1.557662594119696875e+00 6.009695328478839409e-03 5.464794051411070094e-03 -4.160644933550691205e-01 9.093186863774247453e-01
-4.850366819624181147e-01 -8.990999038471999549e-01 -1.523787676774701616e+00 7.924675020503507694e-02 4.044148649719608163e-02 -8.596650342805339795e-01 5.092548625249888605e-01
-4.808584332943490192e-01 -6.736770616103449072e-01 -1.510661321454224382e+00 2.562934364856938041e-01 5.857806281517404651e-02 -9.729347339324323496e-01 2.235321320630407060e-01
-4.775637744862880618e-01 -1.637669728965457372e-01 -1.500310845546735328e+00 6.567758836593415861e-01 7.013510108537833465e-02 -9.933806634012130043e-01 9.097211208007548178e-02
-4.757282878047152663e-01 -7.670887906834831238e-01 -1.494544494072144181e+00 1.829280360318709941e-01 7.043968002191937361e-02 -9.219857993452720279e-01 3.807629673222826527e-01
-4.749039116879086309e-01 -8.924122831066241268e-01 -1.491954640119789621e+00 8.449919525218202443e-02 5.767774233298766928e-02 -7.300476017477811608e-01 6.809579849166046417e-01
-4.713943002886492040e-01 -9.291925715090617599e-01 -1.480928870730921165e+00 5.561202429167903111e-02 4.730732120152238845e-02 -5.249942617729869143e-01 8.497899990386876823e-01
-4.638396552384286275e-01 -8.915891875029509084e-01 -1.457195253340669794e+00 8.514565302760747356e-02 6.818495628232684735e-02 -5.976298283835975722e-01 7.988675734832206832e-01
-4.611487978388210118e-01 -9.476084361936707445e-01 -1.448741675502204673e+00 4.114823799101120089e-02 3.900186266660099488e-02 -3.179558909951032963e-01 9.473029642569716913e-01
-4.487041057064789507e-01 -7.363099922807395670e-01 -1.409645522123052164e+00 2.071016477689661128e-01 1.275228730857198567e-01 -7.844642921689216619e-01 6.069214868101773241e-01
-4.430846189395439283e-01 -2.704388136436364221e-01 -1.391991383779104030e+00 5.729960158503514256e-01 1.714587422586675847e-01 -9.486739303517151001e-01 2.657436237694238423e-01
-4.400630741215771913e-01 1.668373607937538861e-01 -1.382498920776487505e+00 9.164319201509401047e-01 1.852861969620895055e-01 -9.723510094841060214e-01 1.421356379328063413e-01
-4.395320052169716107e-01 8.750406622433091197e-01 -1.380830518607228719e+00 1.472653492421430066e+00 1.887926933746896241e-01 -9.818410214722683715e-01 1.858836955257518048e-02
-4.382119769466018000e-01 -4.902833888492013070e-01 -1.376683527490504044e+00 4.003304902510086416e-01 1.755216095410314925e-01 -8.928391840673552959e-01 4.147654228332743886e-01
-4.289365944637617001e-01 -7.396396718579991703e-01 -1.347544054023178006e+00 2.044865235442844265e-01 1.513564330903206245e-01 -6.666602827316969737e-01 7.298323763647852624e-01
-4.240033928497813354e-01 -5.378864200920864258e-01 -1.332045944074019994e+00 3.629431569406952884e-01 2.007473337073854835e-01 -8.247879704030659509e-01 5.286069540667875932e-01
-4.000000000000000777e-01 -2.951672353008669702e-01 -1.256637061435917468e+00 5.535743588970448714e-01 2.763932022500208419e-01 -8.506508083520399888e-01 4.472135954999579832e-01
-3.992328703772851095e-01 -1.000510817525328555e-01 -1.254227052648845042e+00 7.068182275430809902e-01 2.924818219778732020e-01 -8.928391840673554070e-01 3.424800362158980094e-01
-3.970449579189782030e-01 1.767543200817487392e-01 -1.247353522943130510e+00 9.242206817622183879e-01 3.090631687303924124e-01 -9.219857993452719169e-01 2.332855407863693997e-01
-3.962001347632700399e-01 -5.513441606742515155e-01 -1.244699432723575194e+00 3.523734722039834621e-01 2.415440755923580762e-01 -7.142689623335826132e-01 6.568685629508694834e-01
-3.961375845233936488e-01 -7.624887704402641964e-01 -1.244502925349499245e+00 1.865408834824862361e-01 1.626361101256726949e-01 -4.806193092302174508e-01 8.617160641871883797e-01
-3.935226952220254870e-01 5.471698774526434494e-01 -1.236288008330370447e+00 1.215144380215161357e+00 3.258905223015733377e-01 -9.376257360837929600e-01 1.210510078740914125e-01
-3.928224622215436002e-01 -6.882541607307621767e-01 -1.234088161480255463e+00 2.448446096088554846e-01 1.992847916719673318e-01 -5.693242318841691407e-01 7.975935624099289578e-01
-3.899423413295126095e-01 -8.057836805747475850e-01 -1.225039994844400404e+00 1.525371405784054224e-01 1.400012677154625629e-01 -3.886475783898249436e-01 9.106880392592121565e-01
-3.886591393096908154e-01 9.729652363943683824e-01 -1.221008696805856664e+00 1.549563273111149275e+00 3.426892301843728617e-01 -9.394206355470700043e-01 7.277432513008776430e-03
-3.760509742212949647e-01 -8.893277805873123221e-01 -1.181398977988904919e+00 8.692175786584428743e-02 8.493252106277236757e-02 -2.069754957071313906e-01 9.746525591423380597e-01
-3.749170549052905921e-01 -2.951672353008668592e-01 -1.177836665395981974e+00 5.535743588970449824e-01 3.255088610229909807e-01 -7.852690770534372922e-01 5.266844007744655443e-01
-3.616127990016215210e-01 -5.244805050964751469e-02 -1.136040112787536582e+00 7.442055608533945099e-01 3.830234961746682432e-01 -8.247879704030660619e-01 4.159540903231088715e-01
-3.615598250937772651e-01 -5.117513770097552595e-01 -1.135873690347821263e+00 3.834695717778713875e-01 2.913984052584889795e-01 -6.272127782936568474e-01 7.222818702957741754e-01
-3.559337987340678855e-01 9.586801503672699454e-01 -1.118199007267255629e+00 1.538343792781491581e+00 4.372587522673990201e-01 -8.992237105515293871e-01 1.419513816405465305e-02
-3.531182629882927970e-01 5.972610668622475583e-01 -1.109353740852409231e+00 1.254485908379858072e+00 4.405866280583025096e-01 -8.860522991993933228e-01 1.442038358008683185e-01
-3.468844374968285682e-01 -2.951672353008668592e-01 -1.089769600484664425e+00 5.535743588970449824e-01 3.703920167397177776e-01 -7.096767058412031259e-01 5.993068722464837128e-01
-3.454182668473230744e-01 2.999151134422233245e-01 -1.085163489543268911e+00 1.020950942670107775e+00 4.487655052432212299e-01 -8.502704058087460215e-01 2.750450114247246503e-01
-3.235008465916235365e-01 1.459755216790057375e-01 -1.016307883082323116e+00 9.000470700251238521e-01 4.858171180239694853e-01 -7.844642921689216619e-01 3.854834654648590653e-01
-3.230198657396292083e-01 -4.931688919646521896e-01 -1.014796837171180410e+00 3.980642214036558268e-01 3.288880995188157574e-01 -5.292776653567787815e-01 7.821110988532122832e-01
-3.185210054661815060e-01 8.037969167333376408e-01 -1.000663250786590242e+00 1.416698785544343364e+00 5.378571475063015361e-01 -8.388861396732267828e-01 8.354479960198614441e-02
-3.176386634585344759e-01 -6.083385704684636242e-01 -9.978912916174125236e-01 3.076101674276878195e-01 2.740906792734594255e-01 -4.248975469287356033e-01 8.627493113004243153e-01
-3.162749228609094132e-01 -7.591053808215217913e-01 -9.936069741745116035e-01 1.891981914751045546e-01 1.806859520265288732e-01 -2.774837340254432960e-01 9.435864370006405988e-01
-3.149982217584732513e-01 -2.951672353008667482e-01 -9.895960993702680453e-01 5.535743588970450935e-01 4.104590659519022355e-01 -6.248566017280036133e-01 6.641367197007127521e-01
-3.117162488291303490e-01 5.059537782278784590e-01 -9.792854773261637780e-01 1.182773331581623788e+00 5.436729841209958503e-01 -8.093430506696243087e-01 2.222240146108374892e-01
-3.084692271133557262e-01 -4.487718981025545784e-02 -9.690846577578398069e-01 7.501517009420349824e-01 4.837939609283390952e-01 -7.045687856242581759e-01 5.191591564185563668e-01
-2.895989051896285527e-01 -6.291762281250652400e-01 -9.098017930313840873e-01 2.912443093746880929e-01 2.693698176493364294e-01 -3.463673821552276655e-01 8.985930880651696873e-01
-2.854267791507440477e-01 3.020778125048904084e-01 -8.966946725177739053e-01 1.022649522541907885e+00 5.832730671088658392e-01 -7.300476017477811608e-01 3.561222098770721600e-01
-2.799502683930282787e-01 6.906669382074808183e-01 -8.794897065540284720e-01 1.327846708184942548e+00 6.297312995873148855e-01 -7.609722755033350161e-01 1.560758989573590438e-01
-2.781777779769876169e-01 -2.951672353008667482e-01 -8.739212636844368998e-01 5.535743588970450935e-01 4.451890277322900769e-01 -5.319116574239227679e-01 7.203309782893650981e-01
-2.733821263161244630e-01 -5.782351801807605884e-02 -8.588552796574935311e-01 7.399836785448721255e-01 5.313076028093792758e-01 -6.157165674026635616e-01 5.818980493375384144e-01
-2.707348216366004534e-01 1.575840985656313809e-01 -8.505385267244869318e-01 9.091644249915376008e-01 5.867117171545381815e-01 -6.685989671496613829e-01 4.568859617891308789e-01
-2.659885442531210731e-01 9.038912726203109926e-01 -8.356276565646487686e-01 1.495312708824422687e+00 6.698510808700689489e-01 -7.407652743641489623e-01 5.065903427235579626e-02
-2.472080498672024895e-01 4.229413219865687523e-01 -7.766269933710625573e-01 1.117575500910588104e+00 6.737829059666655684e-01 -6.620656506625719473e-01 3.281549479131174452e-01
-2.338091346832226192e-01 7.896155610487496368e-01 -7.345330598629986607e-01 1.405560774835181936e+00 7.365250051341510895e-01 -6.651662809645807473e-01 1.228199311182314457e-01
-2.326672424234853265e-01 3.278967174354054936e-01 -7.309456995286169878e-01 1.042927643055267861e+00 6.829659114294190925e-01 -6.123623032570519875e-01 3.982084546755643717e-01
-2.307773257976343806e-01 1.344698636525878399e-01 -7.250083513409464331e-01 8.910105473424960731e-01 6.404075489587727210e-01 -5.673806503589219341e-01 5.176459879443709999e-01
-2.274166494104940817e-01 -4.545021678480865024e-02 -7.144504750920137592e-01 7.497016466086436903e-01 5.866311561717308942e-01 -5.087833666406303967e-01 6.300820362765822136e-01
-2.000000000000000666e-01 -8.823014324001635655e-01 -6.283185307179588452e-01 9.244023882742195830e-02 9.210174331404498427e-02 -6.691583342108711752e-02 9.934986361923578979e-01
-2.000000000000000666e-01 -7.635454257851063131e-01 -6.283185307179588452e-01 1.857109883153031105e-01 1.830059127468846025e-01 -1.329615784870500916e-01 9.740790802321501740e-01
-2.000000000000000666e-01 -6.426739905462508506e-01 -6.283185307179588452e-01 2.806431915591138249e-01 2.715305061442900292e-01 -1.972784603646477175e-01 9.419938393159372758e-01
-2.000000000000000666e-01 -2.951672353008665262e-01 -6.283185307179588452e-01 5.535743588970452045e-01 4.911234731884229765e-01 -3.568220897730900454e-01 7.946544722917662229e-01
-2.000000000000000666e-01 7.048327646991334738e-01 -6.283185307179588452e-01 1.338972522294493483e+00 7.946544722917660009e-01 -5.773502691896259531e-01 1.875924740850799521e-01
-2.000000000000000389e-01 -5.186325509496385600e-01 -6.283185307179587342e-01 3.780651104034686849e-01 3.565244623310609984e-01 -2.590301841577611897e-01 8.976601090918233661e-01
-1.976189883113564638e-01 -1.422002333671376073e-01 -6.208383618888047017e-01 6.737143612762098721e-01 5.697503683892869430e-01 -4.074714541165292969e-01 7.136886798881099114e-01
-1.915159667566830315e-01 2.411098390917243428e-02 -6.016651542079424209e-01 8.043348858774177490e-01 6.457082199416506185e-01 -4.433330079166873383e-01 6.217047038516980706e-01
-1.826167010957870651e-01 2.015611083245070212e-01 -5.737072865853277692e-01 9.437038876878702798e-01 7.174522172108586116e-01 -4.636258195616001498e-01 5.199167389640936277e-01
-1.713589195047530989e-01 3.862018439926164781e-01 -5.383399226432170614e-01 1.088720382369957163e+00 7.831616470460216473e-01 -4.676847875063554483e-01 4.097911347641596813e-01
-1.647908261153710474e-01 8.092806597414790026e-01 -5.177056487030426979e-01 1.421005707231481230e+00 8.615794645443329847e-01 -4.906861507885904028e-01 1.300304875780176894e-01
-1.544628077611150119e-01 4.320582302133999519e-01 -4.852592221151714180e-01 1.124735903887804422e+00 8.146682374934063331e-01 -4.295859000749224221e-01 3.895787690265032910e-01
-1.470575324039139209e-01 2.514144572893519669e-01 -4.619948634551789279e-01 9.828586164040714612e-01 7.687170575593933464e-01 -3.827717215132820372e-01 5.124059861350049871e-01
-1.394780662922282533e-01 6.384848990373275246e-01 -4.381832684005744771e-01 1.286863030458370583e+00 8.754738708536624614e-01 -4.102146981666258130e-01 2.554787718394009866e-01
-1.322068404846047651e-01 8.460788457312751198e-02 -4.153400388207519889e-01 8.518490405501260021e-01 7.142011962527030633e-01 -3.149590349552305324e-01 6.250739616807581278e-01
-1.283735847187393031e-01 8.900370896808640353e-01 -4.032975106673782895e-01 1.484431658988408786e+00 9.168692833554411559e-01 -3.912149328748711352e-01 7.938257702411681549e-02
-1.159847182129837145e-01 3.771462870010360291e-01 -3.643767386665919261e-01 1.081608164540228900e+00 8.365743446150446516e-01 -3.190761143292674684e-01 4.453468302306021753e-01
-1.092549141985478534e-01 7.604938281440849490e-01 -3.432344358147411123e-01 1.382688619296907229e+00 9.268971613743389737e-01 -3.312547107883272446e-01 1.764425368689033768e-01
-1.074003470495435292e-01 5.696146406903930259e-01 -3.374081412838401683e-01 1.232772456039980424e+00 8.956317848397468140e-01 -3.142085568309166965e-01 3.148280305166648585e-01
-1.043850132130357683e-01 -4.395699219410583725e-01 -3.279351906549466400e-01 4.401607540201812885e-01 4.216773544466819179e-01 -1.434628313695522905e-01 8.953248710732204518e-01
-1.021844707311995865e-01 1.954760300119862126e-01 -3.210219825600978405e-01 9.389246783570867061e-01 7.793556038271919340e-01 -2.591544470767057073e-01 5.704768315571807635e-01
-9.832455945467932779e-02 -1.241272455661238672e-01 -3.088957136502734069e-01 6.879088527022305666e-01 6.222788722977103948e-01 -1.985756214454053314e-01 7.571900208398555376e-01
-9.052395740140786740e-02 9.516671765680364548e-01 -2.843893995461383439e-01 1.532835816039619159e+00 9.591960507998653629e-01 -2.803851972889202515e-01 3.642907178608018048e-02
-7.748527418430432856e-02 -2.951672353008665262e-01 -2.434271681388013309e-01 5.535743588970452045e-01 5.213063784387813593e-01 -1.294675726145341210e-01 8.434914388660637030e-01
-7.358186715469537675e-02 3.175517617478216259e-01 -2.311642532906111047e-01 1.034802733857811408e+00 8.426804303715159650e-01 -1.983431920732419695e-01 5.005493686211915927e-01
-7.350900956877871872e-02 5.097357691893023013e-01 -2.309353644339370293e-01 1.185743700336711948e+00 9.055279051658362555e-01 -2.129169780896487396e-01 3.669953315876710032e-01
-7.325408856733775509e-02 7.112558335319911773e-01 -2.301345064885643443e-01 1.344017188759195403e+00 9.499566227537205032e-01 -2.225608223563853294e-01 2.192010384062884898e-01
-7.318109690452832827e-02 8.703330018596873163e-01 -2.299051964169089579e-01 1.468956104602234580e+00 9.689031597988968514e-01 -2.267653544833959089e-01 9.901586205115391059e-02
-7.196100079187117693e-02 2.176966352201126220e-02 -2.260721514327117820e-01 8.024960171454164071e-01 7.094546631233191736e-01 -1.631773837524526649e-01 6.855998996530575651e-01
-7.082205850950122616e-02 -1.552255635519089738e-01 -2.224940587255555269e-01 6.634842908714451148e-01 6.099732138991673658e-01 -1.380001349955166379e-01 7.803131685847289889e-01
-6.232008318326821839e-02 -5.647979806921764601e-01 -1.957843154996602442e-01 3.418068666712254511e-01 3.344518012707803911e-01 -6.633010139388238746e-02 9.400756939075745056e-01
-5.115376014858052239e-02 9.975643828771616484e-01 -1.607042770862748826e-01 1.568883397579879935e+00 9.871130745570489973e-01 -1.600131633277256382e-01 1.888279742105243878e-03
-4.743947700278977608e-02 1.593205722004664704e-01 -1.490355124421063049e-01 9.105282481951252338e-01 7.843316763080180332e-01 -1.177664939551959500e-01 6.090606492307277797e-01
-3.770463098544923203e-02 4.569193546185881249e-01 -1.184525917102013937e-01 1.144261785335634718e+00 9.051078703161706818e-01 -1.077166361930936567e-01 4.113111588310859323e-01
-3.497942177589882795e-02 9.670527958300951799e-01 -1.098910944779825927e-01 1.544919653150772509e+00 9.936392848082112872e-01 -1.096337786496589944e-01 2.571781998583829235e-02
-3.343089080694423842e-02 8.225447282255264891e-01 -1.050262409620585785e-01 1.431423282258029950e+00 9.849509916743691695e-01 -1.038277388968746467e-01 1.381714320517783423e-01
-3.180721986450652655e-02 6.776658291839832149e-01 -9.992532825744904201e-02 1.317635661035757577e+00 9.635970792244620275e-01 -9.660951967888356529e-02 2.492935410665529650e-01
-2.895173989429583594e-02 -2.784768978998930500e-02 -9.095457336056232689e-02 7.635266389815288379e-01 6.901023441684084325e-01 -6.294162654240360866e-02 7.209695598438703446e-01
-2.369616429308268185e-02 2.884542702537142844e-01 -7.444369566140532357e-02 1.011949617478866692e+00 8.461770461652911024e-01 -6.310917040427588276e-02 5.291518110654698237e-01
-6.141720951490786153e-03 -4.358694438519278291e-01 -1.929478542160196694e-02 4.430671027150769326e-01 4.286977534493808251e-01 -8.272657794803723805e-03 9.034100947634269296e-01
-3.728340347283583527e-03 -2.951672353008665262e-01 -1.171292664510852413e-02 5.535743588970452045e-01 5.257211438614027843e-01 -6.158014807864820028e-03 8.506346793722229238e-01
-2.714636028819163507e-03 -1.546641858806868663e-01 -8.528280605308453596e-03 6.639251958633952677e-01 6.162044856870472209e-01 -5.255292173357031804e-03 7.875686723856747395e-01
0.000000000000000000e+00 -1.000000000000000000e+00 0.000000000000000000e+00 0.000000000000000000e+00 0.000000000000000000e+00 0.000000000000000000e+00 1.000000000000000000e+00
0.000000000000000000e+00 4.096655293982669477e-01 0.000000000000000000e+00 1.107148717794090409e+00 8.944271909999158554e-01 0.000000000000000000e+00 4.472135954999579832e-01
1.970088803054586852e-03 5.549311769007825301e-01 6.189216510595798269e-03 1.221240090547307311e+00 9.395089017368642992e-01 5.814898255945959507e-03 3.424751239367087030e-01
7.587795690998550523e-03 7.001968244032978905e-01 2.383776319978133523e-02 1.335331463300523991e+00 9.721447598290817727e-01 2.317814698903980508e-02 2.332323721935092020e-01
9.272497170626167046e-03 8.881566462112266969e-02 2.913040899167131104e-02 8.551538232718016719e-01 7.544894484440654026e-01 2.198480519223686841e-02 6.559438547065056246e-01
1.662191408626177355e-02 8.454624719058134730e-01 5.221928318200068364e-02 1.449422836053740893e+00 9.913099823706308378e-01 5.181260037839827137e-02 1.209130815684062027e-01
2.598483395395155202e-02 -6.795655615637030689e-01 8.163376345448480897e-02 2.516686194371603458e-01 2.489686933910243427e-01 2.036951951604836636e-02 9.682973057826047558e-01
2.646473508316451659e-02 2.954814510612264744e-01 8.314141731646970679e-02 1.017468752378948516e+00 8.486502845626181513e-01 7.072101550323885155e-02 5.242053342708158370e-01
2.905647678882803883e-02 9.907281194083288334e-01 9.128361401898450744e-02 1.563514208806957573e+00 9.958103584662035823e-01 9.115449679589472665e-02 7.251736709117118269e-03
3.703865210036006578e-02 -2.458168633139867776e-02 1.163603573373593464e-01 7.660917520995556007e-01 6.910585271255169637e-01 8.077671168628815235e-02 7.182710038253400375e-01
3.815350624293397525e-02 4.525444724496519022e-01 1.198627749214936922e-01 1.140825760915072040e+00 9.035793104776355111e-01 1.088271999223903858e-01 4.143682785081562181e-01
4.559287932225706413e-02 9.796230380423043282e-01 1.432342547348087747e-01 1.554792298297702713e+00 9.896353318758545070e-01 1.427270822356358493e-01 1.583950439469058308e-02
4.937388846874078696e-02 8.199904790908640884e-01 1.551126452925578603e-01 1.429417179678806660e+00 9.783683759638349686e-01 1.529862255008430094e-01 1.392499038451855131e-01
5.768191707820631564e-02 6.610116522966245078e-01 1.812130869378685838e-01 1.304555501095529868e+00 9.500381393102115268e-01 1.740688970360424470e-01 2.590898549550846308e-01
5.868793696905485330e-02 1.871585104834105895e-01 1.843735916363235527e-01 9.323921137953210536e-01 7.941908460530389124e-01 1.481098983696636506e-01 5.893423097406854660e-01
6.785485651702316545e-02 -1.479832673352223793e-01 2.131723187442694789e-01 6.691723770188110487e-01 6.148189850424964353e-01 1.330844157557896923e-01 7.773584462230114234e-01
7.031423339139422635e-02 -2.951672353008664151e-01 2.208986790652022469e-01 5.535743588970453155e-01 5.221051176415476558e-01 1.172456113740842631e-01 8.447838260442863678e-01
7.207597729002676590e-02 -5.644037817830763748e-01 2.264333607546528682e-01 3.421164697704459079e-01 3.344840893639057788e-01 7.705988683565231923e-02 9.392455311595979683e-01
7.547155804803146184e-02 4.920146032940484471e-01 2.371008923186712636e-01 1.171825529189318038e+00 8.994336878200919205e-01 2.173446861662398366e-01 3.791837662791596175e-01
8.214067020759847904e-02 8.939087711298401295e-01 2.580525260851333491e-01 1.487472470487694709e+00 9.637516615409571497e-01 2.543700375949619619e-01 8.048986800201533842e-02
8.792117061929798083e-02 3.149269603288953334e-01 2.762125037126013094e-01 1.032741219644103703e+00 8.343462969631777471e-01 2.365022098696744346e-01 4.979286710670447480e-01
8.896645661619727308e-02 7.197133468920138277e-01 2.794963665213603954e-01 1.350659704219066448e+00 9.397051778656945187e-01 2.697039627231293535e-01 2.102711373057277455e-01
9.301313272950499644e-02 -4.387823116760094511e-01 2.922093744703852525e-01 4.407793416758237215e-01 4.231734196632994660e-01 1.272992386715711133e-01 8.970614029842702841e-01
9.737683878527846060e-02 8.333836394621485510e-02 3.059183613576284544e-01 8.508519613813535498e-01 7.315021050578912609e-01 2.310324328313126674e-01 6.415050157839131684e-01
1.120965737260758710e-01 5.288924513023587348e-01 3.521617725104265739e-01 1.200789323285095245e+00 8.819954709583825991e-01 3.241159187909576356e-01 3.421006582793934547e-01
1.203542893894486293e-01 7.989753140206485860e-01 3.781041513739117899e-01 1.412911907629165187e+00 9.193567735175597333e-01 3.651833008898135446e-01 1.463703512962999387e-01
1.208644509742723139e-01 1.870335524124440152e-01 3.797068712609376062e-01 9.322939719558821503e-01 7.646861250132855892e-01 3.051654861860582657e-01 5.675642309492313631e-01
1.253822014615171010e-01 3.708795658594370437e-01 3.938998030024175590e-01 1.076686293265093131e+00 8.267806488997406777e-01 3.436273964001781422e-01 4.453694770055068308e-01
1.324118764907883938e-01 9.180879682371949624e-01 4.159841784314998736e-01 1.506462767488236043e+00 9.131349813366517187e-01 4.033905801812899816e-01 5.882640291837230168e-02
1.392993061506938579e-01 -2.951672353008665262e-01 4.376216768531753232e-01 5.535743588970452045e-01 5.105135373390599085e-01 2.388582213739102456e-01 8.260282551315375477e-01
1.427393527492126224e-01 -1.750502043763824123e-02 4.484289019750883898e-01 7.716497524954923914e-01 6.611049653151788164e-01 3.180700487381027952e-01 6.795378348049186945e-01
1.481748018751892770e-01 5.639071363765810752e-01 4.655048690182176929e-01 1.228289792634329469e+00 8.514219394737477797e-01 4.276894491948005639e-01 3.035826345992306829e-01
1.598925739141376090e-01 6.466276132626025408e-02 5.023173355722176936e-01 8.361841773833006419e-01 6.871883165509227176e-01 3.774830187000813853e-01 6.207082955696522353e-01
1.614766857635258901e-01 2.377508086801980447e-01 5.072939697207204945e-01 9.721272118811339347e-01 7.507341700182845745e-01 4.172665931534833006e-01 5.121394304337864023e-01
1.625586450903907243e-01 4.199569277940189416e-01 5.106930451934820203e-01 1.115231563192905506e+00 8.022005440839594659e-01 4.494480608026333313e-01 3.930276424275421232e-01
1.657934052335354180e-01 8.165399596316733621e-01 5.208553438953104076e-01 1.426707148032791084e+00 8.606049485204185778e-01 4.937274546098339156e-01 1.248692241773846218e-01
1.999999999999999556e-01 -8.823014324001634545e-01 6.283185307179585122e-01 9.244023882742198606e-02 9.210174331404501202e-02 6.691583342108708976e-02 9.934986361923578979e-01
1.999999999999999556e-01 -5.186325509496383379e-01 6.283185307179585122e-01 3.780651104034687959e-01 3.565244623310611094e-01 2.590301841577611341e-01 8.976601090918233661e-01
1.999999999999999556e-01 7.048327646991334738e-01 6.283185307179585122e-01 1.338972522294493483e+00 7.946544722917662229e-01 5.773502691896257311e-01 1.875924740850799244e-01
2.000000000000000111e-01 -7.635454257851062021e-01 6.283185307179586232e-01 1.857109883153031660e-01 1.830059127468846580e-01 1.329615784870500639e-01 9.740790802321501740e-01
2.000000000000000111e-01 -6.426739905462508506e-01 6.283185307179586232e-01 2.806431915591138804e-01 2.715305061442900847e-01 1.972784603646476620e-01 9.419938393159372758e-01
2.000000000000000111e-01 -2.951672353008664151e-01 6.283185307179586232e-01 5.535743588970453155e-01 4.911234731884230875e-01 3.568220897730899344e-01 7.946544722917661119e-01
2.003771220609845971e-01 -1.460968927750221358e-01 6.295032946142544716e-01 6.706539321338719217e-01 5.661904452716699510e-01 4.123872151444697431e-01 7.136982306748818061e-01
2.013440491580574809e-01 9.947273464032679868e-03 6.325409856789755425e-01 7.932107337069117525e-01 6.316297868706292062e-01 4.629933224561061933e-01 6.218367918504177361e-01
2.027559155542535685e-01 1.739953009701251663e-01 6.369764947771154873e-01 9.220537532191708241e-01 6.864328290870194138e-01 5.078606178574336383e-01 5.204686003795585547e-01
2.045482739066847577e-01 3.467344069630671211e-01 6.426073546097136324e-01 1.057722729812944573e+00 7.297463829609528441e-01 5.462913854084642251e-01 4.111398044265567875e-01
2.344282837635068562e-01 7.837930419839480578e-01 7.364781740650965247e-01 1.400987779055340221e+00 7.349333137920339709e-01 6.663288477853122060e-01 1.260114712546352156e-01
2.393143973530072743e-01 3.260594972749633058e-01 7.518283526224762703e-01 1.041484693715499787e+00 6.716896800671796619e-01 6.280415511832544428e-01 3.929335614052094638e-01
2.423130718714336385e-01 1.218020306013591902e-01 7.612489664600714523e-01 8.810612545298355247e-01 6.215698583221677120e-01 5.922513513039528998e-01 5.127272648338511152e-01
2.477834310044774724e-01 -7.247330302691623594e-02 7.784346065249397872e-01 7.284777643047615214e-01 5.565153087967286138e-01 5.488181321026209813e-01 6.237702854018229992e-01
2.516537900883558110e-01 4.568740425891522072e-01 7.905936981896064530e-01 1.144226197350936003e+00 6.700178969004637608e-01 6.770165240736543133e-01 3.045072149626451563e-01
2.684806663385608250e-01 8.787557921603152966e-01 8.434568890001151731e-01 1.475571348635029700e+00 6.635480047407034121e-01 7.454443447769183440e-01 6.337802651347174132e-02
2.767461355038854376e-01 1.652164066407875165e-01 8.694236262083718803e-01 9.151588257362487377e-01 5.779973426821403137e-01 6.843139602798640198e-01 4.445598673052630900e-01
2.781777779769875614e-01 -2.951672353008664151e-01 8.739212636844366777e-01 5.535743588970453155e-01 4.451890277322901879e-01 5.319116574239226569e-01 7.203309782893649871e-01
2.832539223585748833e-01 6.828683402097162070e-01 8.898684415821924709e-01 1.321721703640423184e+00 6.215962116578703789e-01 7.672159577313609757e-01 1.581070012837337280e-01
2.838472581978674358e-01 -6.010043517481511444e-02 8.917324610960254416e-01 7.381953919917610962e-01 5.168646401175086558e-01 6.403859739361844605e-01 5.681168437759988032e-01
2.878112862106264602e-01 3.214886878459479735e-01 9.041858223795333771e-01 1.037894788384711386e+00 5.808993911207043226e-01 7.383513746101504349e-01 3.426268305414741921e-01
2.914846844727948527e-01 -6.308286037860189044e-01 9.157261433736711975e-01 2.899465365653324800e-01 2.679474323425710125e-01 3.487828347377360805e-01 8.980839090493339949e-01
3.024320278943438689e-01 9.985786241727117041e-01 9.501182370431341395e-01 1.569679980830646748e+00 5.815867869762493259e-01 8.134841041385209026e-01 6.492523322075856697e-04
3.149982217584731403e-01 -2.951672353008664151e-01 9.895960993702678232e-01 5.535743588970453155e-01 4.104590659519024021e-01 6.248566017280035023e-01 6.641367197007127521e-01
3.151523949652567658e-01 -2.533365615986105102e-02 9.900804487840795254e-01 7.655011563773509442e-01 4.764461121701064061e-01 7.260771900197409146e-01 4.957933201758847885e-01
3.164470774299963374e-01 5.114724029565349550e-01 9.941478137040369312e-01 1.187107649307990398e+00 5.324722023774544066e-01 8.186982613026770883e-01 2.149569971768230947e-01
3.208281877522576320e-01 7.940229996829009096e-01 1.007911477707019499e+00 1.409022369043731349e+00 5.316160133895959650e-01 8.425302071309632712e-01 8.675980854986380109e-02
3.235473077740179670e-01 -4.939064189333758348e-01 1.016453845191610528e+00 3.974849690769642341e-01 3.282211996466584680e-01 5.301620313583127464e-01 7.817922131925691964e-01
3.244901219493572797e-01 1.543540362149959932e-01 1.019415783278556864e+00 9.066275399536893875e-01 4.846915974988069142e-01 7.881083316980702635e-01 3.794197053687896615e-01
3.265057756071499950e-01 -7.664537613779909275e-01 1.025748146002059880e+00 1.834267868821081449e-01 1.746672712177180509e-01 2.880812247979431806e-01 9.415415828758031402e-01
3.468844374968285127e-01 -2.951672353008664151e-01 1.089769600484664203e+00 5.535743588970453155e-01 3.703920167397179442e-01 7.096767058412030149e-01 5.993068722464836018e-01
3.516637107534601459e-01 3.193377190769237650e-01 1.104784130237196349e+00 1.036205421463994414e+00 4.342226499386704908e-01 8.633356673264853676e-01 2.571035118433258604e-01
3.564167835554083452e-01 6.021118087141410502e-01 1.119716348833774244e+00 1.258295672121450437e+00 4.316770642779559353e-01 8.911808150210466239e-01 1.394692335778354164e-01
3.582333095306488024e-01 9.457529334024119549e-01 1.125423133492644778e+00 1.528190780319451880e+00 4.307220663592403742e-01 9.022978050089318636e-01 1.836226095255982099e-02
3.617667151009797410e-01 -5.099606591144272283e-01 1.136523654474549616e+00 3.848759983240249150e-01 2.918167045746017374e-01 6.291830319617193190e-01 7.203969206088247645e-01
3.618377626744604947e-01 -5.059576319131064981e-02 1.136746857009452105e+00 7.456603439113006493e-01 3.827334704422848954e-01 8.256905334581288169e-01 4.144275974893987247e-01
3.749170549052904811e-01 -2.951672353008665262e-01 1.177836665395981752e+00 5.535743588970452045e-01 3.255088610229911472e-01 7.852690770534371811e-01 5.266844007744655443e-01
3.914875648784453821e-01 -8.015537250466416852e-01 1.229894457793881513e+00 1.558593398814326347e-01 1.422105629409437522e-01 4.008732700200645094e-01 9.050286057199741219e-01
3.932755185729716052e-01 -6.815913501284849296e-01 1.235511479985563765e+00 2.500775688189491031e-01 2.017666541827776716e-01 5.790562417194768940e-01 7.899266334195867989e-01
3.942197320445270381e-01 9.715880856461012183e-01 1.238477814091222928e+00 1.548481661442738799e+00 3.262269195527197074e-01 9.452634480068433653e-01 7.280853065206259987e-03
3.947613385560710952e-01 -5.443687607119024330e-01 1.240179321129026180e+00 3.578519385233751016e-01 2.451433168645612282e-01 7.142570680276771888e-01 6.555467908312476721e-01
3.966993110622734076e-01 5.348417465639876411e-01 1.246267641317370334e+00 1.205461888857087605e+00 3.165165777240384615e-01 9.408291461168279968e-01 1.210692935592782293e-01
3.984942988294852828e-01 1.683397387522138633e-01 1.251906761700126713e+00 9.176118850402432692e-01 3.048614286653147376e-01 9.233818722596649486e-01 2.332925787383277327e-01
3.996091273738817118e-01 -1.023251658412640541e-01 1.255409098865214679e+00 7.050321660763801956e-01 2.914261672155611382e-01 8.931840620095057304e-01 3.424806862207666058e-01
4.000000000000000222e-01 -2.951672353008664151e-01 1.256637061435917246e+00 5.535743588970453155e-01 2.763932022500210639e-01 8.506508083520398777e-01 4.472135954999579832e-01
4.038803777874077072e-01 -9.076915773889161487e-01 1.268827627785990231e+00 7.249886558486072496e-02 7.055289602319944620e-02 2.264979393954994202e-01 9.714530211555946204e-01
4.245332632142562734e-01 -5.397387074104225135e-01 1.333710580918409550e+00 3.614883738827897597e-01 1.995117004606155597e-01 8.256905334581290390e-01 5.276648788169856497e-01
4.282951886640095629e-01 -7.311942420723596125e-01 1.345529018274706834e+00 2.111195485870278332e-01 1.546439703145186528e-01 6.748394057287071535e-01 7.215795305585431807e-01
4.380730660540944066e-01 -4.880093047604688872e-01 1.376247126051099112e+00 4.021165517177103799e-01 1.759942940849208159e-01 8.931840620095057304e-01 4.138215072005679840e-01
4.402105507792514194e-01 8.745022021304535986e-01 1.382962232360812838e+00 1.472230586837730559e+00 1.866996991420204199e-01 9.822435421781603448e-01 1.846202019225995361e-02
4.411273328593168230e-01 1.554911884230056884e-01 1.385842388208489151e+00 9.075206572093634794e-01 1.820315593258963194e-01 9.729512598097617149e-01 1.422334610560396784e-01
4.450256264744591461e-01 -2.949024676858188476e-01 1.398089238791356159e+00 5.537823068956307937e-01 1.655738688766331124e-01 9.491466537176638241e-01 2.677796177489703000e-01
4.508756532603352407e-01 -7.446885068167291566e-01 1.416467639965168113e+00 2.005211778404010770e-01 1.226026292569623727e-01 7.881083316980702635e-01 6.032029946936308118e-01
4.623990048022176280e-01 -8.803355778337976778e-01 1.452669316513878428e+00 9.398421739335216518e-02 7.361230591191605943e-02 6.202611210984354528e-01 7.809336527977535081e-01
4.647847640572642658e-01 -9.498061870711751453e-01 1.460164400262766726e+00 3.942212848821415039e-02 3.714346679575224880e-02 3.343682602207140864e-01 9.417102683051542522e-01
4.751187756852883193e-01 -7.586742093539469156e-01 1.492629655275478529e+00 1.895368327538472231e-01 7.232505023937982336e-02 9.233818722596649486e-01 3.770079642263632902e-01
4.778972390137360970e-01 -1.673023690236161709e-01 1.501358455256398772e+00 6.539991900342579934e-01 6.909960265749731656e-02 9.935285762378410768e-01 9.014551076667247365e-02
4.799074566074916226e-01 -9.118231584476810259e-01 1.507673740081058034e+00 6.925392940937914743e-02 4.666864827558844103e-02 7.383513746101504349e-01 6.727995874548604593e-01
4.816649451750085742e-01 -6.856915680357260623e-01 1.513195053253537425e+00 2.468572652050725347e-01 5.612348995779365551e-02 9.732667689857713578e-01 2.227149529397488004e-01
4.848221186765970803e-01 -9.001199767105730887e-01 1.523113606332236136e+00 7.844558685161025224e-02 4.075716600590389288e-02 8.541096619873602691e-01 5.184935281360839587e-01
4.908467074906985861e-01 -9.819722043705381154e-01 1.542040410291516839e+00 1.415899757748393696e-02 1.270298708386257379e-02 4.416303514821075527e-01 8.971071657103946162e-01
5.112491044830752562e-01 -8.748237828342795286e-01 1.606136430798389636e+00 9.831317106299698738e-02 -3.326284860473967958e-02 9.408291461168279968e-01 3.372448675959029418e-01
5.128199244538657053e-01 -9.527914868091148515e-01 1.611071307278737264e+00 3.707747955684539271e-02 -2.728157980393025248e-02 6.770165240736543133e-01 7.354619919034762754e-01
5.150841987222273266e-01 -6.492120559156840942e-01 1.618184734685934600e+00 2.755082070257884874e-01 -4.671930757809457380e-02 9.851424115471898446e-01 1.652626251467959606e-01
5.180639917454128440e-01 -8.990828493153821821e-01 1.627546030556792145e+00 7.926014480300241916e-02 -4.615819658133682446e-02 8.124911958033012027e-01 5.811432505247569047e-01
5.245004008987670385e-01 -8.100463230864434205e-01 1.647766606268467715e+00 1.491892689784996562e-01 -6.845620683370833015e-02 8.876278742092711393e-01 4.554453915374169770e-01
5.318603141534484768e-01 2.951672353008663041e-01 1.670888455680433315e+00 1.017221967897851131e+00 -9.973507409109384769e-02 9.931029486480831281e-01 6.163966565878505749e-02
5.465996193685047633e-01 -4.380774437521657294e-01 1.717193348663071717e+00 4.413329436486483903e-01 -1.393809206868517336e-01 9.452634480068433653e-01 2.950423237616923156e-01
5.587705550558498269e-01 -7.166380035005859295e-01 1.755429470805748737e+00 2.225519916272739318e-01 -1.425709113777465231e-01 7.633903771235301949e-01 6.300068788069801418e-01
5.616363182649891650e-01 -6.070379200706601530e-01 1.764432531450508934e+00 3.086316958613447570e-01 -1.647462885388740750e-01 8.401428365044161239e-01 5.167384973881664623e-01
5.628866081631194174e-01 -4.553927690535847228e-01 1.768360433009332322e+00 4.277335189582845421e-01 -1.802813918861862763e-01 9.006175945431852403e-01 3.954574163406550102e-01
5.656564015271539070e-01 2.951672353008663041e-01 1.777061995493744995e+00 1.017221967897851131e+00 -2.031849390932471411e-01 9.710544526864042236e-01 1.255751983617040268e-01
5.999999999999999778e-01 -9.549334827919039315e-01 1.884955592153875870e+00 3.539515984595817399e-02 -3.517973552284679034e-02 1.082720928608450761e-01 9.934986361923578979e-01
5.999999999999999778e-01 -9.087859182615052323e-01 1.884955592153875870e+00 7.163937227339854663e-02 -6.990203852711228405e-02 2.151363531898838610e-01 9.740790802321501740e-01
5.999999999999999778e-01 -8.603761367129001414e-01 1.884955592153875870e+00 1.096603257921445890e-01 -1.037154243646566110e-01 3.192032541182489025e-01 9.419938393159372758e-01
5.999999999999999778e-01 -8.083038897071417317e-01 1.884955592153875870e+00 1.505577729544455567e-01 -1.361802267896836949e-01 4.191196420794021105e-01 8.976601090918233661e-01
5.999999999999999778e-01 -7.048327646991334738e-01 1.884955592153875870e+00 2.318238045004029912e-01 -1.875924740850798411e-01 5.773502691896258421e-01 7.946544722917661119e-01
5.999999999999999778e-01 2.951672353008663041e-01 1.884955592153875870e+00 1.017221967897851131e+00 -3.035309991033429688e-01 9.341723589627156654e-01 1.875924740850798966e-01
6.348260677271450048e-01 6.124363203879317208e-01 1.994364910678895209e+00 1.266404524628021111e+00 -4.076321691890989474e-01 9.041220851789383284e-01 1.280596335067323011e-01
6.414482973685833311e-01 2.977163315150299638e-03 2.015169258670822305e+00 7.877364219973015391e-01 -3.952309156350987118e-01 8.300838840900968130e-01 3.933869198386497623e-01
6.462765277240034578e-01 -1.916449918556487608e-01 2.030337591685249521e+00 6.348805387697028513e-01 -3.799727574224666671e-01 7.678116556932623737e-01 5.158352110881326835e-01
6.562053026565982661e-01 2.951672353008665262e-01 2.061529758072635943e+00 1.017221967897851354e+00 -4.524710813595330672e-01 8.467998516157969613e-01 2.796425072066104911e-01
6.563477307378905445e-01 -3.302403040750394592e-01 2.061977209086488738e+00 5.260280350970973906e-01 -3.660878015434166355e-01 6.843965775130419482e-01 6.305402812267767443e-01
6.700827726139436669e-01 8.218594391247302511e-01 2.105127115741045163e+00 1.430885057456868337e+00 -5.079604672485844574e-01 8.584047134300719639e-01 7.153678545780228770e-02
6.801719484476328459e-01 3.598021836183473710e-02 2.136823196420938764e+00 8.136569608174724078e-01 -4.783579843108202723e-01 7.528723151424797644e-01 4.520585315399894277e-01
6.898830613951232316e-01 6.007569004042336847e-01 2.167331557514955431e+00 1.257231529623277222e+00 -5.526842617948130032e-01 8.138932057551501176e-01 1.792148330633590025e-01
6.902633318074256064e-01 2.951672353008663041e-01 2.168526212248622187e+00 1.017221967897851131e+00 -5.315347733640347627e-01 7.807395386919580016e-01 3.285065561414459157e-01
6.912784672760664550e-01 -1.427150889031770786e-01 2.171715354379302632e+00 6.733099946837894922e-01 -4.612732272313619375e-01 6.729133328928043056e-01 5.782859640823581060e-01
7.060218642069227002e-01 9.601104864883489576e-01 2.218033101866238699e+00 1.539467176144028171e+00 -6.028767045710543560e-01 7.976106214936667937e-01 1.889379702527554244e-02
7.085308891098662798e-01 -6.421606700329586248e-01 2.225915436069000108e+00 2.810463525474877766e-01 -2.608823318082600928e-01 3.395519191619241761e-01 9.036840726402889379e-01
7.117618688941387273e-01 -3.990060294202099067e-01 2.236065858423167629e+00 4.720195607063072396e-01 -3.933985185472573254e-01 5.014108106008232646e-01 7.706002884877792836e-01
7.217597825935153644e-01 4.648507437440652090e-02 2.267475230652354234e+00 8.219074554365010110e-01 -5.510919538663133777e-01 6.587069112592913722e-01 5.122527339537126245e-01
7.255123082226058173e-01 2.951672353008663041e-01 2.279264137601112239e+00 1.017221967897851131e+00 -6.036870634924320633e-01 7.045274822080247468e-01 3.730991238069389926e-01
7.256566302587178496e-01 5.628430689180063951e-01 2.279717538649512765e+00 1.227454076006633921e+00 -6.340687785968388557e-01 7.393055039537118622e-01 2.266807354683259002e-01
7.261728572018502081e-01 8.080357438531939884e-01 2.281339313421642423e+00 1.420027952579237862e+00 -6.490667060712617120e-01 7.543136400550948251e-01 9.860701545344027763e-02
7.334001160081811133e-01 -2.268680260176368924e-01 2.304044416593203692e+00 6.072164324295917792e-01 -4.820189097291344149e-01 5.351104174874647956e-01 6.937684136366600862e-01
7.404590899664867942e-01 -3.813726704547074631e-01 2.326220837322498625e+00 4.858687684523407269e-01 -4.183697809255652045e-01 4.442328794019285709e-01 7.922271614042061261e-01
7.462817898238017778e-01 -6.972427824405594832e-01 2.344513388418297595e+00 2.377849626265062521e-01 -2.289880465587427194e-01 2.344011895939100421e-01 9.447859846812775020e-01
7.548413830333812191e-01 -4.927670860087007831e-02 2.371404143563229372e+00 7.466963269640536360e-01 -5.671774728137809474e-01 5.501815192552349520e-01 6.128703045527448268e-01
7.620711021164885413e-01 2.951672353008665262e-01 2.394116975922237600e+00 1.017221967897851354e+00 -6.679897751693666397e-01 6.191546467754586169e-01 4.128403851920692258e-01
7.646664755634261512e-01 9.603528895796820120e-01 2.402270582076458716e+00 1.539657559086762939e+00 -7.387298565160531627e-01 6.736087236122212385e-01 2.301057507507397321e-02
7.662690852863579538e-01 7.581037974906739141e-01 2.407305329008592842e+00 1.380811493611254548e+00 -7.348590245642523389e-01 6.633339175137844546e-01 1.413164105555021477e-01
7.672557992350370615e-01 5.557665757380485516e-01 2.410405182300957794e+00 1.221896211259800413e+00 -7.185044050237517910e-01 6.445403368143274303e-01 2.613793683149799318e-01
7.768554908445176599e-01 1.269281580730585723e-01 2.440563502938029483e+00 8.850873056314495502e-01 -6.479608451204490471e-01 5.469108256435691873e-01 5.301276185831697019e-01
7.769079860653684833e-01 -2.040925464741492057e-01 2.440728421538203019e+00 6.251042522335431562e-01 -5.247062630162667718e-01 4.427297340712042506e-01 7.270995255951863134e-01
8.000000000000000444e-01 2.951672353008663041e-01 2.513274122871834493e+00 1.017221967897851131e+00 -7.236067977499788251e-01 5.257311121191337033e-01 4.472135954999579832e-01
8.022262648850849720e-01 4.634063125286742579e-01 2.520268140279762203e+00 1.149356630164253046e+00 -7.639374560503265910e-01 5.469108256435692983e-01 3.424735201986053301e-01
8.085740382628229250e-01 6.396111792026033527e-01 2.540210258489916662e+00 1.287747608831649071e+00 -8.018173418520051499e-01 5.501815192552349520e-01 2.332150213330741462e-01
8.096012588910933561e-01 -2.807045937377755651e-01 2.543437367269306915e+00 5.649332910185724810e-01 -5.029372846767642402e-01 3.427176097601482008e-01 7.934725752300794133e-01
8.111382168831190453e-01 -5.338035717338909247e-01 2.548265863205930959e+00 3.661498185426523277e-01 -3.480226773985482525e-01 2.347011432285303345e-01 9.076318578496277434e-01
8.127382959664708473e-01 -2.825718960220924281e-02 2.553292659899351946e+00 7.632050185810996812e-01 -6.277176401641217929e-01 4.187481248658460053e-01 6.562168636572240921e-01
8.187786496000351022e-01 8.172024966193696116e-01 2.572268990499641639e+00 1.427227503366110595e+00 -8.360907431324414718e-01 5.351104174874647956e-01 1.208681527311191439e-01
8.262761001499659974e-01 2.047774796935883934e-01 2.595822926067957503e+00 9.462300198539509433e-01 -7.277006630965708878e-01 4.419324759681325099e-01 5.245449757775654254e-01
8.328097024519769409e-01 9.893405000219428480e-01 2.616348843061432117e+00 1.562424375089395356e+00 -8.651790173597250222e-01 5.014108106008231536e-01 7.243406179827128859e-03
8.365826890760257317e-01 -7.376619013590588469e-01 2.628202030121636668e+00 2.060398608617738381e-01 -2.032375290094789733e-01 1.145891154339692825e-01 9.724010702514583881e-01
8.384370163645545881e-01 3.855569909081444369e-01 2.634027571108629839e+00 1.088213915941751653e+00 -7.946049192289676988e-01 4.419324759681325654e-01 4.162916153633188787e-01
8.438685765629114766e-01 -1.023821938899502904e-01 2.651091320725318390e+00 7.049873763516798508e-01 -6.123905141472826275e-01 3.270363040282137645e-01 7.197396154374111621e-01
8.474517127260122740e-01 9.819301096971313481e-01 2.662348074972127776e+00 1.556604268138230163e+00 -8.872731447752874034e-01 4.610724248390787317e-01 1.259307800277987763e-02
8.520655700344538230e-01 7.969599139023690881e-01 2.676842935197039530e+00 1.411329016077757403e+00 -8.848353478306344444e-01 4.436373281893123410e-01 1.423106751670032699e-01
8.579321753184124821e-01 1.319350674352719466e-01 2.695273419258635172e+00 8.890197230488293689e-01 -7.278387151502012653e-01 3.482878994155618191e-01 5.907168051183238067e-01
8.625855861618820786e-01 6.193511706740431055e-01 2.709892540578614284e+00 1.271835435342901333e+00 -8.746351292418108603e-01 4.029272038385736665e-01 2.695608634482928867e-01
8.767187181794136031e-01 4.583994031664606617e-01 2.754293084297105842e+00 1.145424212746873005e+00 -8.538525414248181455e-01 3.482878994155618191e-01 3.868221511535691048e-01
8.803447799763755022e-01 -1.820793965746665410e-01 2.765684693399903971e+00 6.423933397351895280e-01 -5.830359740556355641e-01 2.301100684388734663e-01 7.791780344440242256e-01
8.841764668504918934e-01 8.942482744438766673e-01 2.777722292734484455e+00 1.487739115767006348e+00 -9.317110288848207134e-01 3.548216761517500317e-01 7.756375949663275871e-02
8.868426779236725510e-01 -5.880264273721506063e-01 2.786098441854908625e+00 3.235632873101981777e-01 -3.157546668697845949e-01 1.172294023067977781e-01 9.415711643761942584e-01
8.931048982306891704e-01 7.090663007663211559e-01 2.805771787166592812e+00 1.342297533746339644e+00 -9.221724274612705941e-01 3.218766538864574200e-01 2.144607976135624594e-01
8.932174413988956951e-01 2.921728206220775004e-01 2.806125351957042380e+00 1.014870160108680031e+00 -8.144485761364557153e-01 2.839535323699770575e-01 5.060078144494534191e-01
8.957236124598194627e-01 7.355723437951278143e-02 2.813998720550679788e+00 8.431698801837133050e-01 -7.238112042020395931e-01 2.459790742148652565e-01 6.446639711663675332e-01
9.108214301509526267e-01 -4.383946589305134367e-01 2.861429913694381710e+00 4.410838034301722832e-01 -4.237348600176557567e-01 1.219214560380505880e-01 8.975432730310997087e-01
9.151039576736739178e-01 5.167772362222200488e-01 2.874883870698559107e+00 1.191274055611989180e+00 -9.003031959635331427e-01 2.459790742148652565e-01 3.590939297541046460e-01
9.235517609370310632e-01 8.101674746799192306e-01 2.901423427369693719e+00 1.421702210055405535e+00 -9.611223437784416346e-01 2.353750854442244189e-01 1.443690044364061842e-01
9.280343261333087179e-01 2.082413296923855128e-01 2.915505821259556818e+00 9.489505212812903157e-01 -7.989609451163629528e-01 1.837765332974940491e-01 5.726146994165650650e-01
9.297095545156353058e-01 3.923107453458378746e-01 2.920768706438559015e+00 1.093518302273153386e+00 -8.711000593009806670e-01 1.955486618840642510e-01 4.504946254076509504e-01
9.343518823139993490e-01 9.363422854703864484e-01 2.935353009345455177e+00 1.520799674717258965e+00 -9.776359886706246227e-01 2.045355136654198047e-01 4.891929379736734834e-02
9.400227701527651414e-01 2.729125530020337642e-02 2.953168628919053518e+00 8.068326651870388888e-01 -7.153500916527635312e-01 1.364072944912614327e-01 6.853227680312081738e-01
9.537839857363721308e-01 5.630432153015294539e-01 2.996400762700978770e+00 1.227611270608663485e+00 -9.328856048676973378e-01 1.364072944912614882e-01 3.333429138892936572e-01
9.662754814172335172e-01 8.429129602633971263e-01 3.035643953764321612e+00 1.447420454292226655e+00 -9.869177307219031414e-01 1.049556581336276162e-01 1.223834245821968647e-01
9.670886915846355070e-01 4.781879574503449248e-01 3.038198728852055996e+00 1.160966106937726394e+00 -9.130627567108225984e-01 9.474299326024654411e-02 3.966612755686167446e-01
9.690413222749266753e-01 3.090881144124386637e-01 3.044333099083848637e+00 1.028155400784958040e+00 -8.533744269832046481e-01 8.326151755416681677e-02 5.146062641142880034e-01
9.729729584386271890e-01 1.404645663174612924e-01 3.056684698372318376e+00 8.957187758056014415e-01 -7.789409516462790783e-01 6.629768136874306106e-02 6.235828824571099105e-01
1.000000000000000000e+00 -8.547343524974845286e-01 3.141592653589793116e+00 1.140913727532167771e-01 -1.138440155823963740e-01 1.746697898753470714e-17 9.934986361923578979e-01
1.000000000000000000e+00 -7.094687049949689461e-01 3.141592653589793116e+00 2.281827455064336097e-01 -2.262077484395447202e-01 3.470683960503260719e-17 9.740790802321501740e-01
1.000000000000000000e+00 -5.642030574924535857e-01 3.141592653589793116e+00 3.422741182596503173e-01 -3.356301635592668364e-01 5.149541664075890101e-17 9.419938393159372758e-01
1.000000000000000000e+00 -4.189374099899380033e-01 3.141592653589793116e+00 4.563654910128671638e-01 -4.406884710827546070e-01 6.761441280046985633e-17 8.976601090918233661e-01
1.000000000000000000e+00 -1.693918190966734461e-01 3.141592653589793116e+00 6.523581397843681851e-01 -6.070619982066862708e-01 9.314094476167299011e-17 7.946544722917662229e-01
1.000000000000000000e+00 7.597262896984064984e-01 3.141592653589793116e+00 1.382085796011334411e+00 -9.822469463768459530e-01 9.314094476167296546e-17 1.875924740850799244e-01
