# encoderPan,  encoderTil,  fi,  theta,   points
-9.888314928429832174e-01 2.242746241725688261e-01 -3.106505753553744142e+00 9.615430413192368464e-01 -8.197360041385239882e-01 -2.877380392176875912e-02 5.720183141533821125e-01
-9.111839966896790877e-01 9.350082360239213575e-01 -2.862568950068882234e+00 1.519751914732123899e+00 -9.601674828391443262e-01 -2.750856775931651566e-01 4.905379579044564370e-02
-8.917027408597492100e-01 5.224139243621921391e-01 -2.801366779870871238e+00 1.195701100124767491e+00 -8.837667534468039987e-01 -3.128455082797392262e-01 3.479712825094732342e-01
-8.673042529665430100e-01 6.792054623954091319e-02 -2.724716669546875192e+00 8.387428356709352162e-01 -7.064674841558563623e-01 -3.128455082797392262e-01 6.348475264027469978e-01
-8.328599228898817541e-01 -3.547652442311942655e-01 -2.616506615220214105e+00 5.067661921410211434e-01 -4.672332792405073931e-01 -2.706845880471642762e-01 8.416786302169606548e-01
-8.000000000000001554e-01 2.951672353008665262e-01 -2.513274122871834937e+00 1.017221967897851354e+00 -7.236067977499790471e-01 -5.257311121191334813e-01 4.472135954999579832e-01
-7.979080429399145746e-01 7.194524401090285348e-01 -2.506702045940244705e+00 1.350454788510891957e+00 -7.923559608581582925e-01 -5.836748273887649718e-01 1.774703557365011619e-01
-7.295416221862134343e-01 -1.291179695072952605e-01 -2.291922600748188543e+00 6.839891472848108611e-01 -5.130866699383554996e-01 -5.836748273887648608e-01 6.293375604588243855e-01
-7.077303606584827156e-01 2.951672353008669702e-01 -2.223400501767144100e+00 1.017221967897851576e+00 -5.685357350239100827e-01 -7.438434938605840152e-01 3.513744080636803657e-01
-6.864651532294294700e-01 9.145914155603254159e-01 -2.156593882330967382e+00 1.503716581437600341e+00 -5.524831925241620034e-01 -8.326972533235903473e-01 3.711611894660203637e-02
-6.022167182796897000e-01 -4.591395238330855388e-01 -1.891919618016427274e+00 4.247908246357639528e-01 -2.588446603204628271e-01 -7.781606795139648369e-01 5.722459250024839461e-01
-6.000000000000000888e-01 -8.849445683828418563e-01 -1.884955592153876092e+00 9.036432468101671112e-02 -8.695017015483866296e-02 -2.676051072401338105e-01 9.595974022938167369e-01
-6.000000000000000888e-01 -7.048327646991332518e-01 -1.884955592153876092e+00 2.318238045004031855e-01 -1.875924740850800354e-01 -5.773502691896258421e-01 7.946544722917662229e-01
-6.000000000000000888e-01 2.951672353008669702e-01 -1.884955592153876092e+00 1.017221967897851576e+00 -3.035309991033433019e-01 -9.341723589627156654e-01 1.875924740850799244e-01
-5.150805198437637955e-01 2.951672353008694127e-01 -1.618173177148380049e+00 1.017221967897853574e+00 -4.733885551691249804e-02 -9.984503289797210801e-01 2.925702169797225749e-02
-4.942775354980029623e-01 -9.413458361960164167e-01 -1.552818674354994322e+00 4.606687252726182624e-02 1.674831981704740652e-02 -9.315184785239485343e-01 3.633081583886241250e-01
-4.615551188827220486e-01 -8.192563759250119926e-01 -1.450018170708723186e+00 1.419557103942943876e-01 9.211768558280326868e-02 -7.589893264813026841e-01 6.445537481780138078e-01
-4.344491750715065992e-01 -8.442963605476829780e-01 -1.364862336762791006e+00 1.222893524601482429e-01 1.053395242114274766e-01 -5.042693007501154456e-01 8.570974605958764370e-01
-4.000000000000000777e-01 -2.951672353008669702e-01 -1.256637061435917468e+00 5.535743588970448714e-01 2.763932022500208419e-01 -8.506508083520399888e-01 4.472135954999579832e-01
-3.954490445109275498e-01 3.510113655942821431e-01 -1.242339813104633039e+00 1.061081845266827806e+00 3.174626192509242828e-01 -9.315184785239487564e-01 1.774565004353749476e-01
-3.314866499146199574e-01 -2.951672353008667482e-01 -1.041396024134861653e+00 5.535743588970450935e-01 3.910616672699067098e-01 -6.683538408966311906e-01 6.327510693399115427e-01
-3.044718772352488223e-01 2.289219053232784962e-01 -9.565266127469510549e-01 9.651930073997957438e-01 5.353101170527078123e-01 -7.589893264813026841e-01 3.706457619729043862e-01
-2.815593145455559387e-01 9.755807615079106210e-01 -8.845446741260962753e-01 1.551617501731645365e+00 6.335950238684536773e-01 -7.735694202411848019e-01 1.215309824082265282e-02
-2.000000000000000666e-01 -7.034402260361259929e-01 -6.283185307179588452e-01 2.329175018087890625e-01 2.276385007929541682e-01 -1.653890518374633301e-01 9.595974022938167369e-01
-2.000000000000000666e-01 -2.951672353008665262e-01 -6.283185307179588452e-01 5.535743588970452045e-01 4.911234731884229765e-01 -3.568220897730900454e-01 7.946544722917662229e-01
-2.000000000000000666e-01 7.048327646991334738e-01 -6.283185307179588452e-01 1.338972522294493483e+00 7.946544722917660009e-01 -5.773502691896259531e-01 1.875924740850799521e-01
-1.873806102940203666e-01 1.116512241369485015e-01 -5.886735487248663246e-01 8.730888297756844718e-01 6.822142445160351842e-01 -4.554709554945143291e-01 5.719527369287864538e-01
-1.096368525814289396e-01 9.230043255731739116e-01 -3.444343306325243215e-01 1.510324065510519453e+00 9.397417714164055802e-01 -3.371172744162135304e-01 5.689768312804550920e-02
-9.068981767525194360e-02 5.386834771413258061e-01 -2.849104649639692677e-01 1.208479176996796856e+00 9.018686868206469143e-01 -2.641378446852915562e-01 3.418538733690326681e-01
-5.954678623786901354e-02 9.160813622224384112e-02 -1.870717461897710987e-01 8.573470253386619166e-01 7.484821428469093929e-01 -1.416764252667884749e-01 6.478443272599697655e-01
0.000000000000000000e+00 -1.000000000000000000e+00 0.000000000000000000e+00 0.000000000000000000e+00 0.000000000000000000e+00 0.000000000000000000e+00 1.000000000000000000e+00
0.000000000000000000e+00 4.096655293982669477e-01 0.000000000000000000e+00 1.107148717794090409e+00 8.944271909999158554e-01 0.000000000000000000e+00 4.472135954999579832e-01
1.168312041655630157e-02 7.728296481545555707e-01 3.670360527165820314e-02 1.392377149677132442e+00 9.834835233556844525e-01 3.611360936119448195e-02 1.773582997967566022e-01
3.362073352974624674e-02 -2.951672353008665262e-01 1.056226494653508402e-01 5.535743588970452045e-01 5.249164018502235907e-01 5.565016226649044384e-02 8.493325794459599676e-01
7.719384034876365652e-02 1.347769580930069377e-01 2.425116017420592684e-01 8.912517387519908185e-01 7.638456400347850561e-01 1.889604076353514905e-01 6.171173328842183281e-01
9.386153848111543352e-02 5.107306429507965095e-01 2.948747197469079318e-01 1.186525072361801714e+00 8.923700586165806969e-01 2.710390020332567595e-01 3.608511297771652693e-01
1.159419847786994640e-01 9.661031896664382668e-01 3.642424876233818498e-01 1.544173834213885543e+00 9.341047780149041024e-01 3.561313579488533665e-01 2.487407435930678867e-02
1.999999999999999556e-01 -7.034402260361258818e-01 6.283185307179585122e-01 2.329175018087891180e-01 2.276385007929542237e-01 1.653890518374632745e-01 9.595974022938167369e-01
1.999999999999999556e-01 7.048327646991334738e-01 6.283185307179585122e-01 1.338972522294493483e+00 7.946544722917662229e-01 5.773502691896257311e-01 1.875924740850799244e-01
2.000000000000000111e-01 -2.951672353008664151e-01 6.283185307179586232e-01 5.535743588970453155e-01 4.911234731884230875e-01 3.568220897730899344e-01 7.946544722917661119e-01
2.019997364687715902e-01 9.091765572931120865e-02 6.346008881173670346e-01 8.568047232276507774e-01 6.604179839044349576e-01 4.861899826272105263e-01 5.722476625802450645e-01
2.854520061319136826e-01 9.348137846214004121e-01 8.967739254164885931e-01 1.519599192957713951e+00 6.238148515514801984e-01 7.809182031199242147e-01 3.196546604936581493e-02
3.060763848682256927e-01 2.423125801982051186e-01 9.615673221393399306e-01 9.757100188532153995e-01 5.335987499575443049e-01 7.647180663901478326e-01 3.612182899304238193e-01
3.314866499146197909e-01 -2.951672353008664151e-01 1.041396024134861209e+00 5.535743588970453155e-01 3.910616672699068763e-01 6.683538408966310795e-01 6.327510693399115427e-01
3.976810553736517817e-01 3.396213077453491547e-01 1.249351882033700178e+00 1.052136114751285101e+00 3.109222553788378862e-01 9.337194039836008708e-01 1.774695064923713650e-01
4.000000000000000222e-01 -2.951672353008664151e-01 1.256637061435917246e+00 5.535743588970453155e-01 2.763932022500210639e-01 8.506508083520398777e-01 4.472135954999579832e-01
4.649896434105093568e-01 -8.326470507999380599e-01 1.460808047733793691e+00 1.314386989408751205e-01 8.445084487746577773e-02 7.647180663901477216e-01 6.388069612457237811e-01
4.932903099417954573e-01 -9.299557783470822070e-01 1.549717213800176685e+00 5.501260304280543995e-02 1.968489243118687684e-02 9.337194039836008708e-01 3.574640955879089810e-01
5.150805198437637955e-01 2.951672353008665262e-01 1.618173177148379827e+00 1.017221967897851354e+00 -4.733885551691222049e-02 9.984503289797210801e-01 2.925702169797222973e-02
5.999999999999999778e-01 -8.849445683828419673e-01 1.884955592153875870e+00 9.036432468101661397e-02 -8.695017015483857969e-02 2.676051072401338660e-01 9.595974022938167369e-01
5.999999999999999778e-01 -7.048327646991334738e-01 1.884955592153875870e+00 2.318238045004029912e-01 -1.875924740850798411e-01 5.773502691896258421e-01 7.946544722917661119e-01
5.999999999999999778e-01 2.951672353008663041e-01 1.884955592153875870e+00 1.017221967897851131e+00 -3.035309991033429688e-01 9.341723589627156654e-01 1.875924740850798966e-01
6.879536387691750354e-01 8.979450738347063421e-01 2.161270097567606463e+00 1.490642575219012667e+00 -5.561987043518132889e-01 8.298475493608319375e-01 4.467713170276172568e-02
7.077303606584826046e-01 2.951672353008663041e-01 2.223400501767143655e+00 1.017221967897851131e+00 -5.685357350239097496e-01 7.438434938605842373e-01 3.513744080636803657e-01
7.440903847635259583e-01 -1.383386805878329406e-01 2.337628886379895743e+00 6.767472177369380226e-01 -5.250943996136544500e-01 5.449629431220306408e-01 6.536751961931478450e-01
8.000000000000000444e-01 2.951672353008663041e-01 2.513274122871834493e+00 1.017221967897851131e+00 -7.236067977499788251e-01 5.257311121191337033e-01 4.472135954999579832e-01
8.132007141927090066e-01 7.286731511895661040e-01 2.554745389601787764e+00 1.357696718058764684e+00 -8.194942239854702271e-01 5.449629431220306408e-01 1.773262740775502222e-01
8.760238246408241780e-01 1.011015303246391994e-01 2.752110011861246264e+00 8.648031196310913549e-01 -7.263615020011232604e-01 2.981352741640407311e-01 6.192853354551555167e-01
8.958847362205293319e-01 4.892329402770938529e-01 2.814504905773644428e+00 1.169640816164611241e+00 -8.787443819612674734e-01 2.981352741640407311e-01 3.727246563760469034e-01
9.189725254765211959e-01 9.875744704791162842e-01 2.887037334887898155e+00 1.561037338729953650e+00 -9.677322068040470349e-01 2.518038511831087733e-01 9.444386879192728096e-03
1.000000000000000000e+00 -6.368358812437112659e-01 3.141592653589793116e+00 2.852284318830419774e-01 -2.813766612762311770e-01 4.317135340800972660e-17 9.595974022938167369e-01
1.000000000000000000e+00 -1.693918190966734461e-01 3.141592653589793116e+00 6.523581397843681851e-01 -6.070619982066862708e-01 9.314094476167299011e-17 7.946544722917662229e-01
1.000000000000000000e+00 7.597262896984064984e-01 3.141592653589793116e+00 1.382085796011334411e+00 -9.822469463768459530e-01 9.314094476167296546e-17 1.875924740850799244e-01
