# a 10km h
24847.1210	inf
2.1007	2.2459
7.7525	8.2895
7.9553	8.5064
9.2047	9.8428
10.6379	11.3759
11.1137	11.8850
10.7544	11.5006
9.3734	10.0233
7.9315	8.4810
8.0901	8.6506
9.1922	9.8295
9.9607	10.6515
10.0777	10.7767
8.4919	9.0804
7.2048	7.7037
8.1046	8.6661
9.1828	9.8194
9.3742	10.0242
7.6983	8.2315
7.4228	7.9369
8.7141	9.3181
9.2001	9.8379
8.4294	9.0135
7.6416	8.1709
7.9448	8.4952
8.2109	8.7798
8.1311	8.6944
7.2115	7.7109
6.4002	6.8432

# a 20 km

16.8788	18.0540
17.1603	18.3553
17.6501	18.8796
17.6959	18.9285
17.7591	18.9962
18.8344	20.1472
18.3337	19.6112
18.9392	20.2594
18.8539	20.1681
19.2063	20.5453
18.3768	19.6574
17.8000	19.0399
17.3462	18.5543
16.2152	17.3438
16.5350	17.6861
16.4951	17.6433
17.1906	18.3881
17.3679	18.5779
16.7673	17.9347
17.8873	19.1335
17.4240	18.6375
17.5760	18.8002
18.2168	19.4861
18.3210	19.5976
19.2130	20.5530
18.9589	20.2810
19.0985	20.4299
18.6091	19.9061
17.8464	19.0901
17.8873	19.1343
17.8058	19.0466

# a 30km
24.9758	26.7235
24.9880	26.7365
24.8403	26.5784
24.9651	26.7121
24.8977	26.6390
25.7079	27.5068
25.5756	27.3651
26.2537	28.0913
26.6003	28.4625
26.8091	28.6861
26.8494	28.7293
26.8363	28.7152
27.0755	28.9725
26.8222	28.7011
26.4963	28.3511
26.6262	28.4903
26.2663	28.1048
25.9907	27.8096
26.1532	27.9836
26.0775	27.9026
25.9037	27.7164
26.2411	28.0778
25.9660	27.7832
25.7815	27.5856
26.1149	27.9426
25.3919	27.1683
25.9767	27.7946
26.0278	27.8494
25.8922	27.7041
26.0155	27.8361
25.4439	27.2240
27.1436	29.0445
26.2159	28.0508
26.3549	28.1997
25.7451	27.5465
26.2411	28.0778
25.0116	26.7610
26.3169	28.1589
26.8494	28.7293
25.5756	27.3651
25.7200	27.5197
25.8180	27.6247
25.7208	27.5206
24.9083	26.6504
24.5385	26.2544
24.4172	26.1245
23.9550	25.6295
23.5410	25.1862
22.3068	23.8647
21.4710	22.9698



#  40 kmh
33.3641	35.7086
	36.4693
34.0739	36.4693
34.8147	37.2631
34.5055	36.9319
34.9036	37.3584
24847.1210	inf
119.1449	128.2563
35.6347	38.1420
36.3005	38.8556
36.3729	38.9332
35.8450	38.3674
36.7166	39.3016
36.8552	39.4502
36.6395	39.2189
36.3487	38.9073
36.8917	39.4893
36.7907	39.3810
36.6903	39.2734
36.6428	39.2224
37.6178	40.2694
36.8635	39.4608
36.8403	39.4342
36.3005	38.8556
36.6411	39.2207
36.3391	38.8969
35.9393	38.4684
35.8450	38.3674
35.3810	37.8701
35.3109	37.7950
34.3537	36.7692
34.7262	37.1683
33.9681	36.3559
34.2447	36.6523
34.0005	36.3921
33.9442	36.3318
34.6060	37.0395
33.5278	35.8840
33.7778	36.1519
33.0201	35.3400

# 50 
33.6309	35.9946
34.3970	36.8155
35.3810	37.8701
36.7166	39.3016
36.8403	39.4342
38.3174	41.0175
38.8108	41.5464
39.9491	42.7667
40.2432	43.0820
39.9199	42.7354
40.4536	43.3077
40.1250	42.9553
40.0662	42.8923
41.2514	44.1630
41.1252	44.0277
41.0018	43.8954
42.0145	44.9812
41.8195	44.7721
43.1646	46.2145
43.8737	46.9748
43.8760	46.9799
44.5943	47.7503
44.7403	47.9042
44.4131	47.5534
44.9857	48.1675
44.8479	48.0197
44.7061	47.8676
45.4495	48.6649
45.3766	48.5867
45.1865	48.3828
44.9635	48.1437
46.0649	49.3249
45.2614	48.4631
44.9118	48.0882
46.2990	49.5760
46.3802	49.6631
45.2614	48.4631
45.4722	48.6892
46.5355	49.8297
46.2468	49.5200
46.3749	49.6603
45.5632	48.7895
45.7181	48.9530
46.4985	49.7900
46.0287	49.2861
46.1453	49.4111
44.4107	47.5534
46.2207	49.4948
46.8599	50.1777
44.0883	47.2051
45.7181	48.9530
46.1063	49.3694
44.8897	48.0645
45.2614	48.4631
44.9833	48.1648
45.1841	48.3828
44.8872	48.0645
45.3766	48.5867
45.0376	48.2231
44.7403	47.9042
44.7794	47.9462
44.7769	47.9435
45.0228	48.2072
44.8848	48.0592
44.3411	47.4761
45.2464	48.4470
45.1095	48.3002
44.0883	47.2051
46.1842	49.4529
44.8357	48.0066
44.5919	47.7450
45.7181	48.9530
45.4520	48.6676
45.0376	48.2231
45.0748	48.2630
44.5579	47.7087
44.4492	47.5921
44.4709	47.6154
43.9796	47.0884
44.7769	47.9435
44.0907	47.2076
44.1596	47.2815
43.0106	46.0494

# a 40 50 
93
34.7836	37.2299
35.4698	37.9652
35.0618	37.5280
36.1071	38.6482
36.6919	39.2752
35.9787	38.5107
36.8139	39.4058
36.9150	39.5142
36.6428	39.2224
36.7660	39.3545
36.5676	39.1419
35.9551	38.4853
36.3471	38.9056
37.1912	39.8121
36.7396	39.3280
37.9187	40.5901
38.1836	40.8741
37.5403	40.1845
38.9195	41.6629
38.9657	41.7124
38.8899	41.6312
38.4270	41.1350
39.5140	42.3003
39.5140	42.3003
39.1163	41.8739
39.4152	42.1944
40.0056	42.8273
39.5140	42.3003
39.0046	41.7542
39.0046	41.7542
38.6443	41.3679
38.1854	40.8760
38.6716	41.3972
38.4540	41.1639
37.8383	40.5039
37.8645	40.5338
37.4477	40.0871
37.2436	39.8664
36.2171	38.7662
36.3713	38.9315
36.8056	39.3970
36.5660	39.1401
36.6428	39.2224
36.9399	39.5409
37.1172	39.7309
37.4477	40.0871
37.8645	40.5338
46.6175	49.9176
208.6399	224.7445
38.4811	41.1930
47.1835	50.5248
3541.9223	4360.7143
2715.0827	3228.3742
3215.5097	3895.5717
2847.0659	3403.8974
2852.0173	3437.2690
323.9649	350.7418
47.8052	51.1917
213.5299	230.0534
39.0604	41.8139
38.8641	41.6055
46.6573	49.9632
219.5328	236.5732
46.4590	49.7505
215.2113	231.9406
46.2207	49.4920
214.4234	231.0236
43.2124	46.2681
299.1445	323.4331
37.7598	40.4198
37.7338	40.3919
37.9978	40.6749
38.0243	40.7032
38.3443	41.0463
38.4811	41.1930
38.7429	41.4736
47.3880	50.7441
212.6991	229.1513
43.8034	46.9020
340.2303	368.4336
39.0604	41.8139
47.6386	51.0129
533.8249	582.0077
2856.9860	3410.5200
406.5221	441.1191
46.0287	49.2861
1387.4027	1562.3950
347.2914	376.0204
47.5971	50.9684
645.1259	706.2882
3165.8493	3844.3142
391.9479	425.2808
43.6634	46.7494
432.2377	469.4717
44.0528	47.1670
425.5086	462.0473
44.1239	47.2432
3565.0217	4382.5180
505.5210	550.5676
44.1977	47.3223
473.4151	514.9845
45.2239	48.4229
425.5086	462.0473
49.7244	53.2505
585.6821	639.7837
394.5885	427.9803
51.2728	54.9119
3541.9223	4360.7143
3014.5405	3629.4145
3025.6643	3636.9445
2586.6088	3054.0195
2733.1833	3246.3098
3228.1691	3912.9626
376.1262	407.6761
51.6117	55.2755
2662.1916	3152.8906
2603.0317	3075.4514
2369.8122	2773.7456
2594.7941	3064.6979
2102.4487	2434.7321
389.7125	422.6151
52.0540	55.7501
1863.5340	2137.8137
2484.7121	2921.6787
2265.0690	2640.0710
322.5630	348.9266
51.6117	55.2755
602.0228	658.0358
397.2650	430.9261
47.9310	51.3296
2670.8632	3175.7377
501.1950	545.7681
47.1428	50.4811
526.6250	574.0037
47.3470	50.7001
3580.5895	4404.5410
673.1979	738.4193
47.6358	51.0129
567.0505	618.9998
47.6413	51.0159
617.9013	675.7931
48.2326	51.6502
585.2641	639.3170
48.9672	52.4381
549.9363	599.9340
48.7923	52.2506
611.9067	669.0867
49.9546	53.4975
523.5983	570.6404
50.2762	53.8426
497.5455	541.7204
54.3376	58.2008
907.0299	1002.8646
427.2825	464.0040
51.5630	55.2233
422.0046	458.1828
46.1453	49.4111
45.8562	49.1011
46.1790	49.4473
45.6799	48.9120
46.0287	49.2861
45.6418	48.8711
46.0261	49.2833
45.8716	49.1176
45.7947	49.0352
45.7973	49.0379
45.7181	48.9530
45.8716	49.1176
45.6799	48.9120
46.1037	49.3666
45.4520	48.6676
46.1842	49.4529
46.7371	50.0459
45.6418	48.8711
46.4038	49.6884
45.7156	48.9503
46.3802	49.6631
46.2207	49.4920
45.2639	48.4658
46.3409	49.6209
46.5778	49.8750
46.3802	49.6631
46.5778	49.8750
46.4590	49.7476
46.6599	49.9632
46.5778	49.8750
46.7371	50.0487
46.7771	50.0916
46.3644	49.6462
46.9350	50.2582
46.6998	50.0059
46.6175	49.9176
46.8011	50.1146
46.7371	50.0459
46.7371	50.0459
46.5804	49.8779
46.5778	49.8750
47.1428	50.4811
46.6414	49.9432
46.8974	50.2179
46.9404	50.2640
46.8171	50.1318
46.8814	50.2035
46.7744	50.0888
46.8198	50.1346
46.4985	49.7900
46.4985	49.7900
47.7634	51.1469
46.6812	49.9860
47.6358	51.0099
47.8471	51.2365
47.5557	50.9240
48.0152	51.4169
48.7894	52.2475
47.4319	50.7912
49.0111	52.4852
49.0962	52.5765
48.8359	52.2974
48.8767	52.3411
49.2318	52.7220
49.5921	53.1086
49.4992	53.0090
49.5471	53.0603
49.5891	53.1053
49.6611	53.1827
49.9516	53.4943
50.1655	53.7238
50.3194	53.8889
50.5116	54.0951
50.6051	54.1955
50.3225	53.8923
50.4898	54.0718
50.4153	53.9918
50.4153	53.9918

# a 60 

13.6434	14.5916
13.6912	14.6428
13.8128	14.7729
16.6769	17.8380
18.8279	20.1402
20.7510	22.1990
22.5746	24.1514
23.8505	25.5176
25.0804	26.8348
26.0526	27.8760
27.0362	28.9294
27.3482	29.2636
27.0621	28.9571
26.9155	28.8001
27.6965	29.6366
29.5277	31.5982
30.3518	32.4811
31.4557	33.6638
32.4606	34.7405
33.4853	35.8386
34.3753	36.7923
35.3581	37.8456
36.2748	38.8297
37.1407	39.7579
44.7427	47.9068
3580.5895	4404.5410
3031.2568	3652.0983
2477.2053	2916.8173
328.2446	355.1473
45.0376	48.2231
285.1026	307.9774
39.7150	42.5157
40.4237	43.2756
40.9261	43.8142
40.5417	43.4020
40.3640	43.2116
40.5437	43.4042
40.3501	43.1967
40.4816	43.3376
41.1252	44.0277
41.5335	44.4655
41.8537	44.8087
42.4385	45.4382
43.0084	46.0494
43.7006	46.7893
44.0883	47.2051
44.6696	47.8284
45.1865	48.3828
45.6037	48.8303
46.1816	49.4501
46.6201	49.9205
47.1022	50.4375
47.3060	50.6562
47.4319	50.7912
47.5116	50.8767
47.9310	51.3296
48.3122	51.7386
48.9672	52.4381
49.2761	52.7696
49.8180	53.3510
50.3225	53.8923
50.4898	54.0718
51.3177	54.9601
51.7093	55.3803
51.9551	55.6440
52.4067	56.1286
52.8151	56.5669
53.5393	57.3440
53.8064	57.6306
54.2873	58.1467
54.3953	58.2627
55.2233	59.1513
55.5939	59.5491
55.6694	59.6302
55.8476	59.8214
55.4248	59.3676
55.5563	59.5087
54.5618	58.4414
55.6166	59.5734
55.6505	59.6099
54.7220	58.6133
54.2873	58.1467
55.5036	59.4522
55.0564	58.9722
54.8318	58.7351
55.7300	59.6992
54.7805	58.6761
55.2791	59.2112
55.7868	59.7562
55.4511	59.3958
55.7868	59.7562
55.6203	59.5775
55.2791	59.2112
65.0190	69.6688
2981.6545	3577.5659
2866.9755	3423.8422
509.9223	555.4522
67.3032	72.1224
2336.0541	2730.5407
1011.0419	1122.2838
534.8695	583.1694
55.7338	59.6992
55.6166	59.5734
63.5033	68.0410
2827.4311	3371.1677
474.2366	516.1976
68.0574	72.9447
2970.8515	3577.5659
326.6753	353.4289
66.8097	71.5922
3346.7551	4095.8112
358.6855	388.6934
55.3911	59.3315
63.2828	67.8041
3360.4711	4095.8112
3031.2568	3652.0983
534.1727	582.5880
55.5074	59.4562
54.7220	58.6133
54.6163	58.4999
54.3953	58.2627
54.2873	58.1467
54.0190	57.8588
54.3412	58.2046
54.2334	58.0889
54.3953	58.2627
52.6896	56.4321
54.0155	57.8550
53.7499	57.5700
54.3953	58.2627
52.8935	56.6510
53.1713	56.9491
64.1041	68.6861
617.9013	675.7931
579.4735	632.8546
54.1797	58.0312
53.2266	57.0084
61.3877	65.7690
2817.7148	3358.2514
433.1511	470.4797
64.1341	68.7184
742.0407	815.3522
555.1489	605.7385
62.0849	66.5177
2827.4311	3371.1677
458.5878	498.5800
53.4904	57.2916
64.9727	69.6190
1798.1469	2057.5202
2369.8122	2773.7456
404.1178	438.6905
53.7499	57.5738
65.5230	70.2102
2817.7148	3358.2514
658.0698	720.8089
579.8833	633.3119
63.8346	68.3967
3129.5991	3778.0329
2376.6811	2782.5512
447.3295	486.1362
53.7534	57.5738
53.5393	57.3440
63.3121	67.8408
2808.0651	3358.2514
1366.5916	1537.7257
540.1548	589.0482
66.4039	71.1563
3141.5900	3794.3879
759.2176	834.7654
529.0032	576.6471
63.7601	68.3167
3333.1503	4076.7609
3215.5097	3912.9626
2715.0827	3222.4396
524.9392	572.1303
62.5156	66.9803
400.3687	434.3428
54.1797	58.0312
53.9622	57.7978
54.4531	58.3247
66.3985	71.1506
285.1026	307.9774
54.3953	58.2627
54.0190	57.8588
54.3953	58.2627
54.1797	58.0312
53.9657	57.8016
54.3953	58.2627
53.9409	57.7749
54.1224	57.9698
53.8346	57.6609
54.5038	58.3791
53.9089	57.7407
54.3953	58.2627
54.5074	58.3830
65.9977	70.7200
289.6344	312.9253
54.5038	58.3830
53.9622	57.8016
54.2873	58.1467
55.2791	59.2112
66.2911	71.0352
1585.9864	1799.8021
709.3037	778.4224
539.0894	587.8629
64.8237	69.4590
2992.5363	3592.2280
2733.1833	3246.3098
465.8835	506.6495
55.0564	58.9722
53.9125	57.7445
54.5582	58.4375
62.6589	67.1342
2679.5915	3175.7377
466.6790	507.5296
54.2873	58.1467
54.6673	58.5546
53.8064	57.6306
54.1797	58.0312
66.2429	70.9835
503.9674	548.8439
611.9067	669.0867
66.9734	71.7681
2970.8515	3563.0229
1031.3898	1145.7563
458.0754	498.0134
54.2873	58.1467

# a 70

62.6589	67.1342
61.8041	66.2162
62.7309	67.2114
64.0590	68.6377
63.9092	68.4768
64.1341	68.7184
64.1793	68.7670
64.1291	68.7130
64.3607	68.9617
64.0590	68.6377
64.5177	69.1303
63.9042	68.4768
64.1341	68.7238
63.3121	67.8356
64.6295	69.2505
62.4442	66.9036
62.9476	67.4441
63.5772	68.1203
63.9790	68.5518
63.2437	67.7622
62.4395	66.8985
62.5156	66.9803
62.4442	66.9036
63.0201	67.5220
62.1602	66.5986
62.2971	66.7456
62.8029	67.2888
63.0977	67.6054
61.5258	65.9174
61.8741	66.2913
63.0638	67.5689
63.5279	68.0674
62.5156	66.9803
62.1602	66.5986
62.2971	66.7456
63.0977	67.6054
63.6809	68.2370
63.4591	67.9987
63.2828	67.8041
63.0880	67.5949
63.5378	68.0780
63.5378	68.0780
64.0590	68.6377
62.8752	67.3664
63.6858	68.2370
63.3855	67.9144
62.9911	67.4908
63.5279	68.0674
64.2900	68.8859
64.1341	68.7184
63.0201	67.5220
64.3607	68.9617
64.7469	69.3766
63.9092	68.4768
63.9840	68.5572
63.6858	68.2370
64.3607	68.9617
64.3607	68.9617
64.5939	69.2122
63.9840	68.5572
65.2104	69.8743
64.5888	69.2068
64.5939	69.2122
63.8296	68.3914
64.5939	69.2122
64.7418	69.3766
64.3607	68.9672
64.5126	69.1249
65.0242	69.6744
63.6759	68.2263
64.9007	69.5417
64.4365	69.0432
64.5177	69.1303
64.5126	69.1249
64.5583	69.1740
64.2044	68.7939
64.6703	69.2943
64.2850	68.8804
64.3607	68.9617
64.4416	69.0487
64.6652	69.2888
64.1793	68.7670
63.8296	68.3914
63.7601	68.3167
64.8186	69.4535
63.6512	68.2051
64.3556	68.9617
64.2095	68.7993
64.0590	68.6377
64.2850	68.8804
64.1341	68.7184
64.3304	68.9292
63.9790	68.5518
64.6703	69.2943
63.9840	68.5572
63.9092	68.4768
64.5126	69.1249
64.1793	68.7670
64.0540	68.6323
64.5126	69.1249
64.6346	69.2560
63.9042	68.4715
64.3607	68.9617
63.9092	68.4768
64.2095	68.7993
64.0590	68.6431
64.5126	69.1303
64.5888	69.2068
63.9840	68.5572
64.1341	68.7238
64.3607	68.9672
63.5329	68.0727
64.8237	69.4590
64.0590	68.6377
64.5939	69.2122
63.4591	67.9935

# de 70 baja ydespues 80

10.0592	10.7569
8.6155	9.2126
6.5909	7.0471
5.7941	6.1950
1.4486	1.5486
3.2991	3.5271

13.7537	14.7096
11.5531	12.3550
10.0592	10.7569
8.6155	9.2126
6.5909	7.0471
5.7941	6.1950
1.4486	1.5486
3.2991	3.5271
824.9044	895.3051
5.5072	5.8882
4.5118	4.8237
1.6926	1.8094
3.7859	4.0475
5.0583	5.4082
5.6369	6.0269
10.9108	11.6679
14.0552	15.0323
14.5669	15.5798
14.4774	15.4840
16.1765	17.3024
18.5460	19.8385
21.2116	22.6921
23.1508	24.7684
24.7945	26.5286
26.7182	28.5888
27.6396	29.5756
27.7659	29.7120
27.6535	29.5916
27.3756	29.2929
28.6728	30.6824
30.0262	32.1323
30.8486	33.0133
31.8987	34.1384
32.8205	35.1262
33.9049	36.2881
34.8813	37.3346
35.5791	38.0824
36.7150	39.2998
37.6282	40.2805
38.1303	40.8189
39.2567	42.0244
39.6573	42.4539
41.1252	44.0299
41.1872	44.0964
42.1441	45.1201
43.1124	46.1585
43.9819	47.0909
44.3771	47.5147
44.2669	47.3965
44.0907	47.2076
44.0528	47.1670
43.2147	46.2681
44.1097	47.2280
44.1596	47.2815
44.3387	47.4735
45.0748	48.2630
45.3390	48.5463
46.1037	49.3666
46.4196	49.7081
46.7771	50.0916
47.7051	51.0843
47.9702	51.3687
48.7025	52.1542
48.7459	52.2008
49.5471	53.0603
49.7727	53.3023
50.7932	54.3973
51.2216	54.8569
49.7969	53.3283
52.2531	55.9637
53.0475	56.8162
52.9140	56.6729
52.6591	56.3994
53.4138	57.2093
53.6409	57.4530
55.0010	58.9127
54.7769	58.6722
55.0564	58.9722
55.5638	59.5168
56.3079	60.3154
56.3079	60.3154
57.0165	61.0761
56.9571	61.0124
57.9883	62.1193
57.9842	62.1149
57.5004	61.5955
58.1735	62.3181
57.2554	61.3326
57.6175	61.7213
57.5326	61.6301
56.6580	60.6913
58.5473	62.7194
58.3349	62.4913
58.1693	62.3136
58.7360	62.9220
58.6143	62.7913
59.3139	63.5424
59.5724	63.8200
59.8376	64.1047
60.2288	64.5247
59.5119	63.7550
61.0403	65.3961
60.4999	64.8158
61.3188	65.6951
61.4291	65.8135
61.7994	66.2112
61.7343	66.1412
62.0567	66.4874
61.5905	65.9869
63.2389	67.7569
62.9524	67.4493
62.7309	67.2114
63.6068	68.1521
63.7601	68.3167
63.9092	68.4768
63.3170	67.8408
64.1341	68.7184
64.5126	69.1249
64.2548	68.8480
64.1291	68.7130
64.5126	69.1249
63.9541	68.5250
63.8296	68.3914
63.9840	68.5572
64.7418	69.3711
64.4062	69.0106
64.9727	69.6190
65.0551	69.7076
65.4446	70.1259
65.1327	69.7909
65.8387	70.5492
65.7279	70.4302
66.2376	70.9777
67.6363	72.4803
66.0030	70.7257
66.4846	71.2431
67.0555	71.8563
67.7257	72.5763
67.7257	72.5763
68.4037	73.3046
67.3862	72.2115
67.8602	72.7208
69.1770	74.1355
68.4951	73.4029
69.3643	74.3367
69.3584	74.3367
69.1828	74.1480
69.0140	73.9603
70.0756	75.1010
70.3522	75.3982
70.7163	75.7893
69.7181	74.7169
70.6188	75.6846
70.7163	75.7893
71.1396	76.2442
71.4496	76.5773
71.9827	77.1502
71.8251	76.9808
72.1220	77.2999
71.8377	76.9944
72.1157	77.2931
72.4598	77.6629
72.9887	78.2313
72.6009	77.8146
73.6773	78.9714
72.6009	77.8146
72.4086	77.6079
72.9887	78.2313
72.2682	77.4639
71.9196	77.0892
72.0270	77.1978
72.5945	77.8146
72.0206	77.1978
71.9322	77.0959
71.3625	76.4837
71.9259	77.0892
71.6493	76.7920
71.6431	76.7853
71.7936	76.9470
71.5431	76.6778
71.5119	76.6443
71.5431	76.6778
71.0841	76.1846
72.2173	77.4023
71.6055	76.7449
71.8251	76.9808
72.7943	78.0224
72.5046	77.7111
72.1220	77.2999
72.6975	77.9184
73.2822	78.5468
73.8831	79.1926
72.3639	77.5598
72.6911	77.9114
74.2444	79.5809
74.8886	80.2733
73.7834	79.0854
74.2847	79.6242
73.7768	79.0783
74.2847	79.6242
74.4466	79.7982
72.3958	77.6010
73.6773	78.9785
74.8544	80.2365
74.0767	79.4006
73.4793	78.7585
73.1450	78.3993
74.5820	79.9438
72.8914	78.1267
73.2430	78.5046
71.6368	76.7785
73.4858	78.7656
72.6975	77.9184
72.6009	77.8146
72.4086	77.6079
72.4982	77.7042
70.6249	75.6912
72.0776	77.2522
71.7371	76.8863
72.1157	77.2931
71.6055	76.7449
71.3563	76.4771
70.7712	75.8484
70.1596	75.1912
72.2682	77.4570
71.9259	77.0892
71.0841	76.1846
70.8079	75.8878
70.7102	75.7828
71.3687	76.4904
71.0841	76.1846
71.2695	76.3838
70.4913	75.5476
71.0779	76.1780
70.3462	75.3917
70.4913	75.5541
69.7122	74.7169
71.8314	76.9876
70.9488	76.0458
70.7041	75.7828
70.3100	75.3528
69.5349	74.5200
70.2618	75.3010
70.0756	75.1010
70.0756	75.1010
69.6293	74.6215
69.4171	74.3935
69.1828	74.1417
69.2705	74.2359
68.8402	73.7736
69.8072	74.8125
69.6293	74.6215
68.7132	73.6372
69.0954	74.0478
67.5527	72.3964
67.8041	72.6665
68.3182	73.2189
68.7478	73.6805
67.8097	72.6665
66.6468	71.4172
67.0555	71.8563
67.3917	72.2175
66.6468	71.4172
66.3985	71.1506
66.1628	70.8973
66.1254	70.8572
65.7595	70.4642
65.6805	70.3793
64.9778	69.6246
64.8955	69.5362
64.5177	69.1303
64.7418	69.3711
63.6562	68.2051
63.4542	67.9882
62.9911	67.4908
63.1609	67.6732
62.1602	66.5986
62.5156	66.9803
61.5952	65.9918
61.0403	65.3961
60.7734	65.1095
60.0964	64.3825
59.8376	64.1047
59.5076	63.7504
58.8668	63.0624
59.3783	63.6116
58.6478	62.8273
58.5431	62.7149
58.0869	62.2252
57.7352	61.8476
57.5932	61.6952
56.4202	60.4360
56.3117	60.3196
55.7300	59.6951
54.8905	58.7942
54.6673	58.5546
53.5428	57.3478
53.6444	57.4568
52.5578	56.2908
52.6591	56.3994
52.5074	56.2366
52.2564	55.9673
51.2504	54.8878
52.0045	55.6970
52.2531	55.9637
51.9353	55.6228
51.2216	54.8569
51.6605	55.3278
51.3692	55.0153
51.3177	54.9601
51.3692	55.0153
50.9352	54.5496
50.6771	54.2760
50.7869	54.3939
51.5630	55.2233
51.8598	55.5417
51.7583	55.4328
52.4067	56.1286
52.6591	56.3994
52.6388	56.3777
52.9106	56.6693
53.8064	57.6306
53.5918	57.4004
53.7534	57.5738
54.1761	58.0312
54.2873	58.1506
54.2873	58.1467
54.5582	58.4375
54.3953	58.2627
54.4278	58.2975
53.5358	57.3403
54.2334	58.0889
53.9657	57.8016
54.2334	58.0889
54.3953	58.2627
54.6127	58.4960
54.6163	58.4999
55.0564	58.9722
55.9009	59.8786
55.6770	59.6383
56.0193	60.0057
56.2499	60.2532
56.3079	60.3154
56.8979	60.9487
57.0165	61.0761
57.4359	61.5263
57.5932	61.6952
57.8003	61.9175
57.9228	62.0490
58.6143	62.7913
58.7739	62.9627
59.0533	63.2626
58.4222	62.5850
60.0348	64.3164
59.8988	64.1704
59.5768	63.8246
59.9645	64.2410
60.6072	64.9310
59.9645	64.2410
62.1555	66.5935
60.6072	64.9310
60.9677	65.3181
61.7343	66.1462
62.0144	66.4471
62.3019	66.7507
61.4521	65.8431
63.3121	67.8408
63.0201	67.5220
62.4442	66.9036
62.7309	67.2114
62.9476	67.4441
63.6512	68.1998
63.8296	68.3914
63.6858	68.2370
63.7601	68.3167
64.2850	68.8804
64.6703	69.2943
64.2095	68.7993
65.3663	70.0418
65.0551	69.7076
65.2104	69.8743
65.7595	70.4642
65.2104	69.8743
65.3663	70.0418
65.8387	70.5492
66.2429	70.9835
66.0455	70.7714
66.0774	70.8057
66.9734	71.7681
67.3032	72.1224
67.4749	72.3069
67.3530	72.1759
66.9679	71.7622
67.4749	72.3069
67.8939	72.7570
68.5753	73.4890
68.3182	73.2128
69.0605	74.0165
68.3125	73.2128
68.1479	73.0298
69.9859	75.0046
69.3643	74.3367
69.6767	74.6787
69.8905	74.9084
69.7181	74.7169
70.0756	75.1010
69.8072	74.8125
70.9918	76.0854
70.6249	75.6912
71.2323	76.3438
71.1705	76.2774
70.4368	75.4891
71.3252	76.4437
71.2633	76.3771
71.7936	76.9470
71.6368	76.7785
71.3625	76.4837
70.8079	75.8878
71.8377	76.9944
72.5046	77.7111
72.4022	77.6010
72.9952	78.2383
70.7102	75.7828
72.8914	78.1337
73.6773	78.9785
72.4598	77.6698
72.3001	77.4981
72.3128	77.5050
72.6975	77.9184
72.6975	77.9184
73.1841	78.4413
72.6588	77.8768
72.2046	77.3886
72.1220	77.2999
73.2822	78.5468
72.5046	77.7111
72.5046	77.7111
72.8914	78.1267
72.8914	78.1267
72.9952	78.2383
72.8914	78.1267
72.8914	78.1267
72.8914	78.1267
71.9259	77.0959
72.1157	77.2999
72.9497	78.1894
73.4727	78.7515
71.6995	76.8458
73.2757	78.5468
72.6911	77.9253
72.3639	77.5667
72.7878	78.0155
72.6975	77.9184
73.2822	78.5468
71.8880	77.0485
72.5945	77.8077
73.1841	78.4413
72.9497	78.1894
72.6911	77.9114
72.3575	77.5530
71.7434	76.8930
72.2109	77.4023
72.0206	77.1978
71.4558	76.5840
72.1220	77.2999
70.1656	75.1976
69.2764	74.2422
68.4551	73.3599
67.2149	72.0276
67.7257	72.5763
66.7770	71.5572
65.8334	70.5436
64.1793	68.7670
63.6809	68.2316
62.7309	67.2114
63.2389	67.7569
62.0144	66.4421
60.6386	64.9647
60.9043	65.2500
60.5669	64.8877
59.1214	63.3358
59.4170	63.6531
58.5431	62.7149
58.0869	62.2252
57.9187	62.0446
57.8656	61.9875
57.2315	61.3068
56.8308	60.8768
56.7797	60.8218
56.6580	60.6955

# escalones 10 - 20 - 30 -40 - 50
	13.1243
10.3793	11.0993
21.5733
19.3774	20.7285
18.5142	19.8044
17.5756	18.8002
16.0382	17.1547
14.2092	15.1973
12.2718	13.1243
10.3793	11.0993
24847.1210	inf
5.6909	6.0854
4.5866	4.9038
6.6358	7.0952
8.5098	9.0995
9.1443	9.7783
8.8921	9.5084
7.9437	8.4940
8.1118	8.6738
9.2846	9.9283
10.2303	10.9399
9.6611	10.3310
8.1954	8.7633
7.4026	7.9153
8.1458	8.7102
8.7915	9.4008
8.2034	8.7718
8.0411	8.5981
8.2745	8.8479
8.4021	8.9843
8.6012	9.1973
8.8732	9.4882
8.9402	9.5598
9.0728	9.7017
9.0727	9.7016
8.5126	9.1025
9.4408	10.0954
11.0168	11.7813
12.0813	12.9202
13.0606	13.9680
13.6983	14.6504
14.2951	15.2890
14.1834	15.1694
15.2137	16.2719
16.8110	17.9814
18.0119	19.2668
18.6408	19.9400
18.2964	19.5714
17.9704	19.2224
17.1931	18.3904
16.6309	17.7891
16.0335	17.1497
16.3562	17.4947
16.5380	17.6893
16.8833	18.0588
17.3356	18.5429
17.7073	18.9408
17.9763	19.2287
18.0774	19.3373
18.2899	19.5648
17.8998	19.1468
17.4518	18.6673
17.2234	18.4228
17.0632	18.2514
17.1227	18.3151
17.0401	18.2267
17.0952	18.2856
17.2039	18.4020
17.2913	18.4955
17.5227	18.7431
17.7529	18.9896
18.3954	19.6773
18.3214	19.5981
18.6855	19.9878
18.4891	19.7776
18.0119	19.2668
17.5253	18.7459
17.6213	18.8487
17.8527	19.0964
18.1619	19.4273
18.4891	19.7776
18.7179	20.0225
18.9655	20.2876
18.9695	20.2918
19.4597	20.8166
19.2949	20.6401
19.3090	20.6552
18.8669	20.1820
18.4512	19.7371
17.6103	18.8370
16.8469	18.0202
16.7075	17.8711
16.6006	17.7563
17.0210	18.2063
17.2859	18.4897
17.7884	19.0275
18.2046	19.4731
18.5645	19.8583
19.0055	20.3304
18.4512	19.7371
18.1442	19.4084
18.2046	19.4731
17.9288	19.1778
18.3087	19.5845
18.4144	19.6976
18.1258	19.3887
18.0238	19.2795
17.2531	18.4547
16.4699	17.6164
15.7417	16.8371
15.5171	16.5970
16.1861	17.3130
16.8732	18.0481
17.9704	19.2224
19.1726	20.5092
19.9892	21.3834
21.1864	22.6651
22.0626	23.6032
22.3525	23.9136
22.0857	23.6280
22.0436	23.5828
21.7975	23.3199
22.3982	23.9632
23.9445	25.6183
24.7384	26.4685
25.3026	27.0726
25.6356	27.4293
25.8132	27.6195
25.8042	27.6099
25.6236	27.4173
25.5988	27.3907
25.8677	27.6779
25.9037	27.7164
26.3685	28.2142
26.6254	28.4894
26.9962	28.8865
27.2112	29.1168
27.1922	29.0965
27.5689	29.5000
27.4581	29.3813
27.5005	29.4267
27.7237	29.6657
27.6256	29.5617
27.5134	29.4415
27.8319	29.7816
27.8224	29.7715
27.7800	29.7261
27.7810	29.7271
27.9229	29.8791
27.9524	29.9107
27.6396	29.5756
27.8887	29.8425
27.1832	29.0869
27.0229	28.9151
26.6124	28.4755
26.2159	28.0508
25.8669	27.6770
25.6967	27.4947
25.0920	26.8471
25.6717	27.4689
25.3135	27.0852
25.3613	27.1355
25.6959	27.4938
25.9045	27.7173
25.9160	27.7296
26.2789	28.1183
26.6003	28.4625
26.9687	28.8570
27.4306	29.3528
27.5828	29.5159
27.4591	29.3823
27.5134	29.4415
27.7377	29.6818
27.5634	29.4950
27.4022	29.3223
27.2791	29.1895
26.9155	28.8001
27.1706	29.0743
26.7959	28.6730
26.9687	28.8570
26.6392	28.5042
26.8231	28.7011
26.7566	28.6299
26.3626	28.2079
26.3549	28.1997
26.2537	28.0913
26.1649	27.9962
26.0031	27.8229
25.7451	27.5465
25.8547	27.6639
25.8132	27.6195
25.9644	27.7814
25.7937	27.5986
25.8058	27.6116
26.1157	27.9435
25.9406	27.7559
25.8669	27.6770
26.0908	27.9168
26.3042	28.1454
26.2033	28.0373
26.5865	28.4477
26.7043	28.5748
27.0353	28.9294
27.2112	29.1168
27.6265	29.5617
27.9657	29.9250
28.7190	30.7319
28.7936	30.8118
29.1654	31.2101
28.7029	30.7146
28.7190	30.7319
29.4482	31.5130
30.3856	32.5173
30.6239	32.7726
31.9646	34.2104
32.3122	34.5829
33.2828	35.6215
33.3356	35.6781
34.3955	36.8140
34.9036	37.3584
35.5420	38.0427
35.6347	38.1420
36.1803	38.7268
36.5187	39.0895
36.5921	39.1681
37.0417	39.6500
36.9399	39.5409
36.5448	39.1174
37.1676	39.7850
36.8403	39.4342
36.6657	39.2488
36.6903	39.2752
35.9882	38.5209
36.1564	38.7011
35.8701	38.3943
35.4944	37.9916
35.4636	37.9587
35.3094	37.7934
35.1972	37.6732
35.3018	37.7852
35.0363	37.5023
35.3795	37.8701
35.3338	37.8194
35.2896	37.7722
35.5883	38.0923
35.4024	37.8930
35.6115	38.1188
35.5883	38.0939
36.0119	38.5463
35.6115	38.1171
35.9645	38.4955
35.7046	38.2169
35.8827	38.4095
35.8905	38.4179
36.1086	38.6500
36.1787	38.7251
36.1692	38.7148
36.8884	39.4857
36.5937	39.1698
36.7413	39.3280
37.1172	39.7309
37.0651	39.6752
37.5265	40.1697
37.1676	39.7850
37.4221	40.0578
37.7598	40.4217
37.3454	39.9774
37.8121	40.4758
37.6973	40.3528
37.7060	40.3621
37.4734	40.1127
38.0666	40.7487
38.1552	40.8436
37.7077	40.3640
37.7077	40.3640
38.0243	40.7032
37.9187	40.5901
37.3965	40.0303
37.5523	40.1974
37.0651	39.6752
37.0166	39.6231
36.5676	39.1419
36.5937	39.1698
36.0832	38.6227
35.8231	38.3439
35.7747	38.2920
35.6131	38.1188
35.3003	37.7836
35.3566	37.8439
35.3795	37.8685
35.4269	37.9193
35.5313	38.0328
35.5159	38.0163
35.7762	38.2937
35.9173	38.4448
36.0356	38.5717
36.1071	38.6482
36.4960	39.0651
36.2989	38.8538
36.7907	39.3810
36.6182	39.1961
36.9899	39.5945
36.8420	39.4360
37.2182	39.8393
36.9649	39.5677
37.4751	40.1146
37.4991	40.1403
37.4494	40.0871
37.4221	40.0578
37.9591	40.6334
37.5764	40.2232
37.7755	40.4366
38.1286	40.8151
37.5403	40.1845
38.1818	40.8722
38.0772	40.7600
38.1570	40.8474
38.1570	40.8474
38.2638	40.9600
38.1570	40.8455
38.0772	40.7600
37.8645	40.5338
37.7077	40.3658
37.4221	40.0578
37.0551	39.6644
37.0651	39.6752
36.5676	39.1419
36.5692	39.1436
36.4214	38.9852
35.6347	38.1420
35.5420	38.0427
35.8231	38.3439
35.6812	38.1919
35.5190	38.0179
35.6347	38.1420
35.6812	38.1919
35.6595	38.1686
35.9157	38.4431
35.7762	38.2937
36.0594	38.5972
35.8466	38.3691
36.1309	38.6738
35.9645	38.4955
36.2523	38.8040
36.1071	38.6482
36.7166	39.3016
36.1692	38.7148
36.3230	38.8797
36.5431	39.1174
36.3230	38.8814
36.4473	39.0129
36.5187	39.0895
36.5921	39.1681
36.2764	38.8297
36.5334	39.1052
36.6411	39.2207
36.4943	39.0634
36.2764	38.8297
36.7660	39.3545
36.4943	39.0634
36.2523	38.8040
36.2507	38.8022
36.0372	38.5734
36.3487	38.9073
36.1787	38.7251
35.9062	38.4347
36.2251	38.7765
36.2651	38.8177
37.1155	39.7291
37.6454	40.2972
37.7581	40.4179
38.6170	41.3387
38.6716	41.3972
39.1892	41.9520
39.4551	42.2371
40.2906	43.1329
40.5417	43.4020
41.0018	43.8954
40.8792	43.7639
41.7556	44.7036
42.2418	45.2249
42.1961	45.1759
42.5707	45.5776
43.6286	46.7120
43.1805	46.2315
44.1977	47.3223
44.2669	47.3991
44.6672	47.8284
45.2614	48.4631
45.5101	48.7298
45.2989	48.5033
45.2239	48.4229
45.0005	48.1834
45.2614	48.4631
44.9833	48.1675
44.6283	47.7867
44.7769	47.9435
44.9635	48.1437
44.3603	47.4992
44.9956	48.1807
45.4143	48.6271
45.1865	48.3828
45.5860	48.8112
45.9874	49.2418
46.1816	49.4501
46.5012	49.7929
46.2207	49.4920
46.9001	50.2208
46.9404	50.2640
47.3060	50.6562
46.9807	50.3073
47.8471	51.2365
47.4731	50.8354
48.0152	51.4169
47.5143	50.8796
47.6386	51.0129
47.6386	51.0129
47.1835	50.5248
47.6801	51.0575
46.8974	50.2179
47.1022	50.4375
46.7397	50.0487
46.4985	49.7900
46.4590	49.7476
46.3016	49.5788
45.7947	49.0352
46.1453	49.4111
45.5101	48.7298
45.6393	48.8684
45.3741	48.5840
45.6037	48.8303
45.1865	48.3828
45.3014	48.5060
45.2614	48.4631
45.4722	48.6892
45.2989	48.5033
44.7403	47.9042
45.1492	48.3428
44.7989	47.9671
45.0352	48.2205
44.5943	47.7476
45.1492	48.3455
44.0528	47.1695
44.4854	47.6309
44.9635	48.1437
44.3771	47.5147
44.4854	47.6309
44.5943	47.7476
43.8760	46.9774
43.7706	46.8643
44.9635	48.1437
44.4492	47.5921
44.2310	47.3581
44.2692	47.3991
44.5434	47.6931
43.8737	46.9748
44.4131	47.5534
44.7037	47.8650
44.3411	47.4761
44.7256	47.8885
44.8112	47.9803
44.7061	47.8676
45.2989	48.5033
45.0376	48.2231
45.4520	48.6676
45.5632	48.7895
45.4874	48.7082
45.5860	48.8140
45.4093	48.6244
45.4520	48.6676
46.0649	49.3249
45.0748	48.2630
45.6418	48.8711
45.7947	49.0352
45.4520	48.6676
45.7564	48.9941
45.8331	49.0764
45.9101	49.1589
45.9900	49.2445
45.9101	49.1589
46.1842	49.4529
46.1816	49.4501
46.1842	49.4529
46.0106	49.2667
46.4564	49.7448
46.4038	49.6884
46.7744	50.0859
46.2233	49.4948
46.8198	50.1346
46.1427	49.4083
46.6998	50.0059
47.1428	50.4811
46.6573	49.9603
46.4590	49.7476
46.1063	49.3694
47.1022	50.4375
46.2624	49.5368
45.8331	49.0764
46.3225	49.6041
45.8690	49.1176
45.7947	49.0352
45.5657	48.7895
45.3364	48.5436
45.1492	48.3428
45.3590	48.5678
44.7378	47.9042
45.2989	48.5060
45.1120	48.3029
45.5278	48.7488
45.0376	48.2231
45.1865	48.3828
45.0376	48.2231
45.0005	48.1834
45.4495	48.6649
45.0005	48.1834
44.3771	47.5147
45.6037	48.8303
45.0376	48.2231
45.2614	48.4631
44.5797	47.7320
44.9217	48.0988
45.2639	48.4658
45.2614	48.4631
44.6891	47.8493
44.9981	48.1807
44.8504	48.0223
44.4492	47.5921
44.8161	47.9855
44.3243	47.4581
44.7037	47.8650
44.7769	47.9435
44.1620	47.2840
44.0528	47.1670
44.5216	47.6697
44.1977	47.3223
43.7893	46.8844
43.9442	47.0505
44.4492	47.5921
43.9489	47.0555
43.9819	47.0909
45.0748	48.2630
44.6307	47.7867
44.5579	47.7087
44.1620	47.2840
44.5579	47.7087
44.4854	47.6309
44.1977	47.3223
44.1596	47.2815
44.0741	47.1898
44.2310	47.3581
44.0173	47.1289
44.7037	47.8650
44.0197	47.1315
43.8408	46.9396
44.1239	47.2432
44.2525	47.3811
43.8737	46.9748
43.5266	46.6027
43.8057	46.9020
43.5243	46.6002

# escalones 60 y 70
24847.1210	inf
16.5047	17.6601
7.9443	8.4947
8.4230	9.0067
8.6244	9.2221
10.6484	11.3872
10.5708	11.3042
12.7101	13.5930
75.4120	80.8359
12.1867	13.0331
13.9436	14.9131
16.6617	17.8216
18.8344	20.1472
21.0148	22.4814
21.3953	22.8888
21.1536	22.6300
21.2369	22.7191
22.3701	23.9325
23.4300	25.0673
25.0804	26.8348
25.8669	27.6770
27.2800	29.1905
28.3447	30.3309
29.4323	31.4961
30.3608	32.4908
31.4557	33.6638
32.3148	34.5843
33.6945	36.0627
34.4186	36.8387
35.3109	37.7950
35.7513	38.2669
36.2283	38.7782
35.7419	38.2569
35.6564	38.1653
35.9078	38.4347
36.6641	39.2453
37.5420	40.1863
38.0472	40.7278
38.5897	41.3094
39.0604	41.8159
39.7728	42.5797
40.2906	43.1329
40.6926	43.5638
41.5335	44.4655
41.7259	44.6717
42.2418	45.2249
43.0084	46.0494
43.4551	46.5285
43.8760	46.9774
44.4131	47.5534
45.2090	48.4069
45.2589	48.4604
46.3409	49.6209
46.4590	49.7476
47.1428	50.4811
47.7468	51.1290
47.7579	51.1439
48.4407	51.8764
48.8359	52.2974
49.4545	52.9609
49.0111	52.4852
48.8330	52.2942
49.2318	52.7220
48.4006	51.8304
48.6159	52.0613
49.4127	52.9162
49.3206	52.8173
48.7459	52.2008
50.6520	54.2458
50.2762	53.8426
50.5116	54.0951
50.9352	54.5496
50.9162	54.5293
51.3145	54.9566
51.1768	54.8089
52.6591	56.3994
52.2830	55.9995
52.1500	55.8567
52.8117	56.5669
53.4870	57.2916
53.5918	57.4004
53.4347	57.2317
54.3196	58.1815
54.2298	58.0851
54.0689	57.9162
55.3911	59.3355
54.9420	58.8534
55.1638	59.0954
56.7757	60.8218
55.3687	59.3074
56.3040	60.3113
56.3659	60.3777
56.9571	61.0124
56.9571	61.0124
57.4359	61.5263
57.4118	61.5004
57.1915	61.2640
57.0761	61.1400
56.8387	60.8852
56.6580	60.6913
56.6619	60.6955
56.7757	60.8176
56.0193	60.0057
56.0768	60.0674
56.0193	60.0057
55.1675	59.0915
54.5364	58.4141
55.9582	59.9401
55.9009	59.8827
55.2233	59.1553
54.1010	57.9468
54.6091	58.4921
54.2873	58.1467
54.7805	58.6761
53.9657	57.8016
53.6971	57.5134
53.9941	57.8321
53.9622	57.7978
54.0475	57.8894
53.8558	57.6837
53.6444	57.4568
53.9125	57.7445
53.9125	57.7445
53.7499	57.5700
53.6444	57.4568
53.8064	57.6306
53.8558	57.6875
52.5074	56.2402
54.6673	58.5546
53.7816	57.6041
53.3790	57.1720
53.7534	57.5738
53.1713	56.9491
53.6479	57.4606
53.5918	57.4004
53.8594	57.6875
53.8028	57.6268
53.5393	57.3440
53.6479	57.4606
54.0155	57.8588
53.5918	57.4041
54.2334	58.0889
53.6971	57.5134
53.9409	57.7749
54.2298	58.0851
54.3989	58.2665
54.0155	57.8550
55.2791	59.2112
54.9789	58.8890
54.9384	58.8494
54.6127	58.4999
55.4473	59.3918
55.0342	58.9484
54.5002	58.3752
55.1119	59.0318
54.9457	58.8534
54.9973	58.9088
54.8355	58.7351
54.3737	58.2394
55.0527	58.9682
54.6673	58.5546
55.4811	59.4280
53.5358	57.3403
55.6203	59.5775
55.1082	59.0318
54.8869	58.7942
54.8098	58.7075
54.9420	58.8494
54.3953	58.2627
55.0010	58.9127
55.1675	59.0915
55.4811	59.4280
53.5358	57.3403
55.3911	59.3315
55.6505	59.6099
54.5582	58.4375
55.5600	59.5127
55.1119	59.0318
54.8648	58.7666
54.8869	58.7902
55.6166	59.5734
55.1119	59.0318
54.6710	58.5585
55.0010	58.9127
55.2233	59.1513
55.2791	59.2112
55.2530	59.1872
55.7262	59.6951
55.2568	59.1872
55.4999	59.4482
56.1921	60.1912
56.2847	60.2905
56.0730	60.0633
56.5994	60.6283
56.8702	60.9191
57.6175	61.7213
57.1955	61.2683
57.4359	61.5263
57.7149	61.8257
58.4805	62.6522
58.4222	62.5895
58.6730	62.8543
58.8034	62.9944
59.5724	63.8200
59.3783	63.6116
59.6765	63.9317
59.5681	63.8153
60.2997	64.6008
60.2332	64.5295
60.6745	65.0032
61.3831	65.7641
60.5401	64.8589
61.1724	65.5379
61.7064	66.1113
62.0098	66.4370
61.8041	66.2212
62.1555	66.5986
62.9186	67.4130
62.2215	66.6644
62.6589	67.1342
62.7741	67.2578
62.8703	67.3612
62.8029	67.2888
62.5156	66.9803
63.0929	67.6002
61.7343	66.1412
62.2688	66.7152
62.5109	66.9751
61.9442	66.3716
61.8041	66.2212
60.8365	65.1772
61.9863	66.4119
62.2971	66.7456
61.3877	65.7690
61.5952	65.9918
61.8041	66.2162
61.2501	65.6213
62.0144	66.4421
62.1602	66.5986
60.9043	65.2500
63.1658	67.6785
63.4640	67.9987
62.8752	67.3664
62.9911	67.4908
63.6018	68.1521
64.0590	68.6431
63.9042	68.4768
63.8296	68.3967
64.2900	68.8859
64.9727	69.6190
64.5177	69.1303
65.3663	70.0418
65.5230	70.2102
65.2104	69.8743
64.4365	69.0432
64.5177	69.1303
65.5230	70.2102
65.2104	69.8743
64.5888	69.2068
63.9840	68.5572
64.2095	68.8047
64.2095	68.8047
64.5126	69.1249
64.1041	68.6861
63.0880	67.5949
63.3121	67.8356
63.5821	68.1256
62.9427	67.4389
62.9476	67.4441
63.4640	67.9987
62.6542	67.1342
62.4823	66.9496
63.1609	67.6732
61.9442	66.3716
63.3121	67.8408
63.0201	67.5220
62.5872	67.0571
61.8041	66.2162
62.5156	66.9803
62.3730	66.8271
62.8752	67.3664
62.0849	66.5177
62.2309	66.6746
62.8029	67.2888
62.3019	66.7507
62.8029	67.2888
62.5872	67.0571
62.4395	66.8985
63.6858	68.2370
63.4640	67.9987
63.6858	68.2370
63.9042	68.4768
63.3121	67.8408
63.6858	68.2370
64.4365	69.0432
64.5126	69.1303
63.3855	67.9197
63.0638	67.5689
63.7551	68.3114
63.7551	68.3114
63.2828	67.8041
63.2389	67.7569
63.3121	67.8356
63.2828	67.8041
63.2389	67.7569
63.5329	68.0727
63.2437	67.7622
63.4591	67.9935
63.6858	68.2370
62.9476	67.4441
62.7741	67.2578
63.3806	67.9092
63.1706	67.6837
62.8752	67.3664
62.8029	67.2888
63.0201	67.5220
61.5258	65.9174
62.2688	66.7152
62.3682	66.8220
61.8741	66.2913
62.3398	66.7914
61.9442	66.3666
61.5952	65.9918
62.3682	66.8220
62.7309	67.2114
62.4442	66.9036
62.8029	67.2888
61.7343	66.1412
62.9186	67.4130
62.0098	66.4421
62.7261	67.2165
63.6512	68.2051
62.8703	67.3612
63.2389	67.7569
63.0201	67.5272
63.9790	68.5625
63.0929	67.6054
63.8346	68.3967
63.1658	67.6785
63.4296	67.9618
63.3855	67.9144
63.6068	68.1521
63.6858	68.2370
63.9092	68.4768
63.9840	68.5572
64.5888	69.2122
64.2850	68.8859
64.5126	69.1249
65.5702	70.2608
64.5837	69.2013
64.7469	69.3766
64.9007	69.5417
64.4365	69.0432
64.7469	69.3766
63.8296	68.3914
64.5939	69.2122
63.9092	68.4768
63.9840	68.5572
64.0590	68.6377
63.8346	68.3967
63.8346	68.3967
63.6809	68.2316
63.1706	67.6837
64.5888	69.2068
63.9092	68.4768
63.9840	68.5572
63.9840	68.5572
63.5378	68.0780
63.1658	67.6785
64.6346	69.2560
64.1291	68.7130
64.0590	68.6377
63.9840	68.5572
63.9840	68.5572
62.8752	67.3715
64.0590	68.6431
63.3855	67.9144
62.5538	67.0264
63.3072	67.8356
63.0201	67.5220
62.8029	67.2888
62.8752	67.3664
62.6589	67.1342
62.5156	66.9803
62.3730	66.8271
62.6589	67.1342
62.1555	66.5935
62.7309	67.2114
63.3170	67.8408
62.5156	66.9803
61.9442	66.3666
63.1658	67.6785
63.3904	67.9197
62.6589	67.1342
62.4395	66.9036
63.0201	67.5272
63.6068	68.1521
63.5378	68.0780
63.5378	68.0780
63.7601	68.3167
63.9042	68.4768
64.7418	69.3766
64.0290	68.6055
65.2052	69.8688
64.5126	69.1249
64.9418	69.5859

