296 80
356 73
417 70
475 62
532 56
588 50
644 44
700 38

303 125
366 120
431 113
493 105
551 100
607 94
666 88
724 80

314 177
381 172
443 164
508 155
571 148
632 141
692 136
752 127

323 235
393 226
459 217
528 210
593 201
658 193
719 185
781 177

337 297
408 287
479 277
548 267
618 257
685 249
751 241
814 231

348 364
423 354
500 340
572 330
642 323
710 311
780 302
847 293

362 441
443 428
523 413
597 402
673 391
745 380
817 368
887 357

378 525
462 512
547 496
624 484
705 470
783 458
857 442
930 430

392 621
482 602
574 586
659 571
739 556
822 544
902 530
980 512

415 729
510 710
602 688
695 672
784 655
870 639
953 621
1037 605

436 854
539 831
637 810
737 787
831 769
921 750
1011 730
1098 711

677 949
782 924
884 897
985 876
1079 853
1172 837
